date,county,state,vehicle_primary_use,battery_electric_vehicles_bevs_,plug_in_hybrid_electric_vehicles_phevs_,electric_vehicle_ev_total,non_electric_vehicles,total_vehicles,percent_electric_vehicles
2020-06-30T00:00:00.000,Juneau,AK,Passenger,0,2,2,28,30,6.666666666666666666666666667
2020-06-30T00:00:00.000,Lee,FL,Passenger,1,0,1,45,46,2.173913043478260869565217391
2020-06-30T00:00:00.000,Maui,HI,Passenger,1,0,1,31,32,3.12500
2020-06-30T00:00:00.000,Middlesex,MA,Passenger,1,1,2,99,101,1.980198019801980198019801980
2020-05-31T00:00:00.000,Jones,GA,Passenger,1,0,1,1,2,50.0
2020-05-31T00:00:00.000,Kern,CA,Passenger,0,1,1,226,227,0.4405286343612334801762114537
2020-05-31T00:00:00.000,Kitsap,WA,Passenger,1313,678,1991,179673,181664,1.095979390523163642769068170
2020-05-31T00:00:00.000,Klickitat,WA,Truck,0,0,0,8121,8121,0
2020-05-31T00:00:00.000,Manassas,VA,Passenger,0,1,1,4,5,20.0
2020-04-30T00:00:00.000,Sedgwick,KS,Passenger,1,1,2,90,92,2.173913043478260869565217391
2020-04-30T00:00:00.000,Skagit,WA,Passenger,397,215,612,91487,92099,0.6645023290155159122248884353
2020-04-30T00:00:00.000,St. Mary's,MD,Passenger,1,0,1,216,217,0.4608294930875576036866359447
2020-04-30T00:00:00.000,Thurston,WA,Passenger,1142,729,1871,197530,199401,0.9383102391663030777177647053
2020-04-30T00:00:00.000,Washington,OR,Passenger,1,0,1,435,436,0.2293577981651376146788990826
2020-03-31T00:00:00.000,Whatcom,WA,Truck,3,0,3,43031,43034,0.006971232049077473625505414324
2020-03-31T00:00:00.000,Yakima,WA,Truck,0,0,0,59604,59604,0
2020-04-30T00:00:00.000,Asotin,WA,Passenger,16,12,28,12446,12474,0.2244668911335578002244668911
2020-04-30T00:00:00.000,Boone,MO,Passenger,0,1,1,13,14,7.142857142857142857142857143
2020-04-30T00:00:00.000,Broward,FL,Passenger,3,1,4,112,116,3.448275862068965517241379310
2020-04-30T00:00:00.000,Camden,NJ,Passenger,0,2,2,21,23,8.695652173913043478260869565
2020-07-31T00:00:00.000,Middlesex,MA,Passenger,1,1,2,96,98,2.040816326530612244897959184
2020-07-31T00:00:00.000,Monroe,IL,Passenger,1,0,1,4,5,20.0
2020-07-31T00:00:00.000,Montgomery,OH,Passenger,0,1,1,47,48,2.083333333333333333333333333
2020-07-31T00:00:00.000,Moore,NC,Passenger,0,2,2,158,160,1.2500
2020-07-31T00:00:00.000,Okaloosa,FL,Passenger,0,1,1,138,139,0.7194244604316546762589928058
2020-07-31T00:00:00.000,Pima,AZ,Passenger,3,1,4,338,342,1.169590643274853801169590643
2020-07-31T00:00:00.000,Pinellas,FL,Passenger,1,1,2,106,108,1.851851851851851851851851852
2020-07-31T00:00:00.000,Polk,FL,Passenger,1,0,1,65,66,1.515151515151515151515151515
2020-03-31T00:00:00.000,Grant,WA,Passenger,58,71,129,65497,65626,0.1965684332429220126169505988
2020-03-31T00:00:00.000,Grant,WA,Truck,0,0,0,27058,27058,0
2020-03-31T00:00:00.000,Grays Harbor,WA,Truck,0,0,0,20785,20785,0
2020-03-31T00:00:00.000,Juneau,AK,Passenger,0,2,2,31,33,6.060606060606060606060606061
2020-03-31T00:00:00.000,Lee,FL,Passenger,1,0,1,47,48,2.083333333333333333333333333
2020-04-30T00:00:00.000,Howard,MD,Passenger,0,1,1,71,72,1.388888888888888888888888889
2020-04-30T00:00:00.000,Kern,CA,Passenger,0,1,1,226,227,0.4405286343612334801762114537
2020-04-30T00:00:00.000,Kitsap,WA,Passenger,1313,676,1989,180585,182574,1.089421275756679483387557922
2020-04-30T00:00:00.000,Kittitas,WA,Passenger,101,49,150,29860,30010,0.4998333888703765411529490170
2020-04-30T00:00:00.000,Kittitas,WA,Truck,0,0,0,14590,14590,0
2020-04-30T00:00:00.000,Klamath,OR,Passenger,1,0,1,31,32,3.12500
2020-04-30T00:00:00.000,Larimer,CO,Passenger,1,0,1,52,53,1.886792452830188679245283019
2020-04-30T00:00:00.000,Lincoln,WA,Passenger,4,12,16,7682,7698,0.2078461938165757339568719148
2020-04-30T00:00:00.000,Loudoun,VA,Passenger,1,0,1,89,90,1.111111111111111111111111111
2020-05-31T00:00:00.000,Bexar,TX,Passenger,2,5,7,601,608,1.151315789473684210526315789
2020-05-31T00:00:00.000,Chesapeake,VA,Passenger,0,2,2,424,426,0.4694835680751173708920187793
2020-06-30T00:00:00.000,Chelan,WA,Truck,0,0,0,22521,22521,0
2020-06-30T00:00:00.000,Cowlitz,WA,Passenger,138,115,253,72330,72583,0.3485664687323477949382086715
2020-06-30T00:00:00.000,El Paso,TX,Passenger,3,0,3,420,423,0.7092198581560283687943262411
2020-06-30T00:00:00.000,Flathead,MT,Passenger,1,0,1,58,59,1.694915254237288135593220339
2020-06-30T00:00:00.000,Fort Bend,TX,Passenger,1,0,1,47,48,2.083333333333333333333333333
2020-06-30T00:00:00.000,Garfield,WA,Truck,0,0,0,974,974,0
2020-04-30T00:00:00.000,Douglas,WA,Truck,0,0,0,12269,12269,0
2020-04-30T00:00:00.000,DuPage,IL,Passenger,3,0,3,56,59,5.084745762711864406779661017
2020-04-30T00:00:00.000,El Paso,CO,Passenger,2,0,2,720,722,0.2770083102493074792243767313
2020-03-31T00:00:00.000,Maui,HI,Passenger,1,0,1,34,35,2.857142857142857142857142857
2020-03-31T00:00:00.000,Middlesex,MA,Passenger,1,1,2,107,109,1.834862385321100917431192661
2020-03-31T00:00:00.000,New Haven,CT,Passenger,0,2,2,41,43,4.651162790697674418604651163
2020-05-31T00:00:00.000,Montgomery,TX,Passenger,1,0,1,52,53,1.886792452830188679245283019
2020-05-31T00:00:00.000,New London,CT,Passenger,1,2,3,254,257,1.167315175097276264591439689
2020-05-31T00:00:00.000,Orange,CA,Passenger,7,2,9,493,502,1.792828685258964143426294821
2020-05-31T00:00:00.000,Pacific,WA,Truck,0,0,0,7626,7626,0
2020-05-31T00:00:00.000,Powhatan,VA,Passenger,1,0,1,0,1,100
2020-05-31T00:00:00.000,Richmond,GA,Passenger,0,1,1,92,93,1.075268817204301075268817204
2020-05-31T00:00:00.000,Riverside,CA,Passenger,3,1,4,626,630,0.6349206349206349206349206349
2020-05-31T00:00:00.000,Saginaw,MI,Passenger,1,0,1,10,11,9.090909090909090909090909091
2020-05-31T00:00:00.000,San Juan,WA,Truck,0,0,0,5861,5861,0
2020-05-31T00:00:00.000,Shasta,CA,Passenger,1,0,1,36,37,2.702702702702702702702702703
2020-07-31T00:00:00.000,San Mateo,CA,Passenger,0,1,1,106,107,0.9345794392523364485981308411
2020-07-31T00:00:00.000,Sarasota,FL,Passenger,2,0,2,25,27,7.407407407407407407407407407
2020-07-31T00:00:00.000,Stevens,WA,Passenger,37,35,72,30629,30701,0.2345200482068987980847529396
2020-07-31T00:00:00.000,Stevens,WA,Truck,0,0,0,18672,18672,0
2020-07-31T00:00:00.000,Twin Falls,ID,Passenger,0,1,1,20,21,4.761904761904761904761904762
2020-07-31T00:00:00.000,Vigo,IN,Passenger,1,0,1,5,6,16.66666666666666666666666667
2020-07-31T00:00:00.000,Wahkiakum,WA,Truck,0,0,0,1742,1742,0
2020-07-31T00:00:00.000,Washoe,NV,Passenger,1,0,1,97,98,1.020408163265306122448979592
2020-06-30T00:00:00.000,New Haven,CT,Passenger,0,2,2,38,40,5.00
2020-06-30T00:00:00.000,Pend Oreille,WA,Passenger,7,6,13,9243,9256,0.1404494382022471910112359551
2020-06-30T00:00:00.000,Pend Oreille,WA,Truck,0,0,0,5763,5763,0
2020-06-30T00:00:00.000,Placer,CA,Passenger,1,0,1,85,86,1.162790697674418604651162791
2020-06-30T00:00:00.000,RÃ­o Grande,PR,Passenger,1,0,1,1,2,50.0
2020-06-30T00:00:00.000,Ramsey,MN,Passenger,1,0,1,41,42,2.380952380952380952380952381
2020-06-30T00:00:00.000,San Diego,CA,Passenger,15,6,21,2792,2813,0.7465339495200853181656594383
2020-05-31T00:00:00.000,Stafford,VA,Passenger,1,1,2,89,91,2.197802197802197802197802198
2020-05-31T00:00:00.000,Suffolk,MA,Passenger,0,2,2,35,37,5.405405405405405405405405405
2020-05-31T00:00:00.000,Valencia,NM,Passenger,1,0,1,5,6,16.66666666666666666666666667
2020-06-30T00:00:00.000,Ada,ID,Passenger,0,1,1,264,265,0.3773584905660377358490566038
2020-06-30T00:00:00.000,Arlington,VA,Passenger,0,2,2,147,149,1.342281879194630872483221477
2020-06-30T00:00:00.000,Bartow,GA,Passenger,0,1,1,2,3,33.33333333333333333333333333
2020-06-30T00:00:00.000,Goochland,VA,Passenger,2,1,3,245,248,1.209677419354838709677419355
2020-06-30T00:00:00.000,Greene,MO,Passenger,0,1,1,31,32,3.12500
2020-06-30T00:00:00.000,Hamilton,IN,Passenger,1,0,1,40,41,2.439024390243902439024390244
2020-06-30T00:00:00.000,Harris,TX,Passenger,1,0,1,225,226,0.4424778761061946902654867257
2020-06-30T00:00:00.000,Honolulu,HI,Passenger,4,1,5,443,448,1.116071428571428571428571429
2020-06-30T00:00:00.000,Island,WA,Passenger,419,268,687,62816,63503,1.081838653291970458088594240
2020-06-30T00:00:00.000,Jefferson,WA,Truck,0,0,0,9535,9535,0
2020-08-31T00:00:00.000,Ada,ID,Passenger,0,1,1,251,252,0.3968253968253968253968253968
2020-08-31T00:00:00.000,Bell,TX,Passenger,0,1,1,415,416,0.2403846153846153846153846154
2020-08-31T00:00:00.000,Boone,MO,Passenger,0,1,1,11,12,8.333333333333333333333333333
2020-08-31T00:00:00.000,Calvert,MD,Passenger,0,2,2,86,88,2.272727272727272727272727273
2020-08-31T00:00:00.000,Camden,NJ,Passenger,0,1,1,22,23,4.347826086956521739130434783
2020-08-31T00:00:00.000,Clackamas,OR,Passenger,2,0,2,182,184,1.086956521739130434782608696
2020-05-31T00:00:00.000,DeKalb,GA,Passenger,1,0,1,77,78,1.282051282051282051282051282
2020-05-31T00:00:00.000,Douglas,WA,Passenger,69,40,109,27970,28079,0.3881904626233127960397450052
2020-05-31T00:00:00.000,Frederick,MD,Passenger,1,1,2,77,79,2.531645569620253164556962025
2020-05-31T00:00:00.000,Grant,WA,Passenger,59,70,129,65212,65341,0.1974258122771307448615723665
2020-05-31T00:00:00.000,Grays Harbor,WA,Truck,0,0,0,20769,20769,0
2020-05-31T00:00:00.000,Houston,GA,Passenger,1,0,1,53,54,1.851851851851851851851851852
2020-04-30T00:00:00.000,Juneau,AK,Passenger,0,2,2,31,33,6.060606060606060606060606061
2020-04-30T00:00:00.000,Kent,MI,Passenger,0,1,1,23,24,4.166666666666666666666666667
2020-04-30T00:00:00.000,Kitsap,WA,Truck,1,0,1,53924,53925,0.001854427445526193787668057487
2020-04-30T00:00:00.000,Lewis,WA,Passenger,99,106,205,58657,58862,0.3482722299616051102578913391
2020-04-30T00:00:00.000,Montgomery,PA,Passenger,1,0,1,31,32,3.12500
2020-04-30T00:00:00.000,New London,CT,Passenger,1,2,3,253,256,1.17187500
2020-04-30T00:00:00.000,Orange,CA,Passenger,7,2,9,496,505,1.782178217821782178217821782
2020-04-30T00:00:00.000,Riverside,CA,Passenger,3,1,4,630,634,0.6309148264984227129337539432
2020-04-30T00:00:00.000,Sacramento,CA,Passenger,1,0,1,264,265,0.3773584905660377358490566038
2020-04-30T00:00:00.000,San Juan,WA,Passenger,295,88,383,14157,14540,2.634112792297111416781292985
2020-04-30T00:00:00.000,Santa Clara,CA,Passenger,6,2,8,315,323,2.476780185758513931888544892
2020-03-31T00:00:00.000,Pend Oreille,WA,Truck,0,0,0,5759,5759,0
2020-03-31T00:00:00.000,Placer,CA,Passenger,1,0,1,89,90,1.111111111111111111111111111
2020-03-31T00:00:00.000,RÃ­o Grande,PR,Passenger,1,0,1,1,2,50.0
2020-03-31T00:00:00.000,Ramsey,MN,Passenger,1,0,1,42,43,2.325581395348837209302325581
2020-03-31T00:00:00.000,San Diego,CA,Passenger,13,6,19,2814,2833,0.6706671373102717966819625838
2020-03-31T00:00:00.000,Skamania,WA,Passenger,29,17,46,8720,8766,0.5247547342003194159251654118
2020-03-31T00:00:00.000,St. Clair,IL,Passenger,1,0,1,144,145,0.6896551724137931034482758621
2020-06-30T00:00:00.000,Calvert,MD,Passenger,0,2,2,89,91,2.197802197802197802197802198
2020-06-30T00:00:00.000,Charleston,SC,Passenger,1,0,1,103,104,0.9615384615384615384615384615
2020-06-30T00:00:00.000,Clark,WA,Passenger,2014,1056,3070,317718,320788,0.9570183423320074316994401287
2020-06-30T00:00:00.000,DeKalb,GA,Passenger,1,0,1,78,79,1.265822784810126582278481013
2020-06-30T00:00:00.000,District of Columbia,DC,Passenger,2,1,3,195,198,1.515151515151515151515151515
2020-04-30T00:00:00.000,New Haven,CT,Passenger,0,2,2,41,43,4.651162790697674418604651163
2020-04-30T00:00:00.000,Norfolk,VA,Passenger,2,2,4,354,358,1.117318435754189944134078212
2020-04-30T00:00:00.000,Nueces,TX,Passenger,1,0,1,79,80,1.2500
2020-04-30T00:00:00.000,Owyhee,ID,Passenger,1,0,1,3,4,25.00
2020-04-30T00:00:00.000,Palm Beach,FL,Passenger,0,1,1,74,75,1.333333333333333333333333333
2020-04-30T00:00:00.000,Rockingham,NH,Passenger,1,0,1,28,29,3.448275862068965517241379310
2020-04-30T00:00:00.000,Rogers,OK,Passenger,1,0,1,6,7,14.28571428571428571428571429
2020-04-30T00:00:00.000,Santa Cruz,CA,Passenger,1,0,1,38,39,2.564102564102564102564102564
2020-08-31T00:00:00.000,Contra Costa,CA,Passenger,4,2,6,320,326,1.840490797546012269938650307
2020-08-31T00:00:00.000,DeKalb,IN,Passenger,1,0,1,1,2,50.0
2020-08-31T00:00:00.000,Douglas,CO,Passenger,0,1,1,77,78,1.282051282051282051282051282
2020-08-31T00:00:00.000,Ferry,WA,Truck,0,0,0,3580,3580,0
2020-08-31T00:00:00.000,Franklin,WA,Passenger,66,77,143,60798,60941,0.2346531891501616317421768596
2020-08-31T00:00:00.000,Hennepin,MN,Passenger,3,0,3,86,89,3.370786516853932584269662921
2020-05-31T00:00:00.000,King,WA,Passenger,24025,7684,31709,1375179,1406888,2.253839680201977698295813171
2020-05-31T00:00:00.000,Kittitas,WA,Truck,0,0,0,14551,14551,0
2020-05-31T00:00:00.000,Middlesex,MA,Passenger,1,1,2,101,103,1.941747572815533980582524272
2020-05-31T00:00:00.000,Monroe,IL,Passenger,1,0,1,4,5,20.0
2020-04-30T00:00:00.000,Solano,CA,Passenger,1,0,1,218,219,0.4566210045662100456621004566
2020-04-30T00:00:00.000,Stafford,VA,Passenger,1,1,2,87,89,2.247191011235955056179775281
2020-04-30T00:00:00.000,Suffolk,VA,Passenger,1,0,1,121,122,0.8196721311475409836065573770
2020-04-30T00:00:00.000,Sumter,FL,Passenger,0,1,1,9,10,10.0
2020-04-30T00:00:00.000,Thurston,WA,Truck,0,0,0,55508,55508,0
2020-04-30T00:00:00.000,Travis,TX,Passenger,2,1,3,179,182,1.648351648351648351648351648
2020-04-30T00:00:00.000,Ventura,CA,Passenger,0,3,3,295,298,1.006711409395973154362416107
2020-04-30T00:00:00.000,Whitman,WA,Passenger,44,48,92,22315,22407,0.4105859775962868746373901013
2020-06-30T00:00:00.000,Mason,WA,Passenger,159,135,294,47286,47580,0.6179066834804539722572509458
2020-06-30T00:00:00.000,Multnomah,OR,Passenger,4,7,11,697,708,1.553672316384180790960451977
2020-06-30T00:00:00.000,Nassau,NY,Passenger,4,0,4,29,33,12.12121212121212121212121212
2020-06-30T00:00:00.000,Newport,RI,Passenger,1,0,1,83,84,1.190476190476190476190476190
2020-06-30T00:00:00.000,Okanogan,WA,Passenger,36,33,69,25848,25917,0.2662345178840143535131380947
2020-06-30T00:00:00.000,Osceola,FL,Passenger,1,0,1,36,37,2.702702702702702702702702703
2020-06-30T00:00:00.000,Penobscot,ME,Passenger,0,1,1,13,14,7.142857142857142857142857143
2020-06-30T00:00:00.000,Pierce,WA,Passenger,2382,1693,4075,549788,553863,0.7357415100846238149145185723
2020-06-30T00:00:00.000,Pinellas,FL,Passenger,1,1,2,107,109,1.834862385321100917431192661
2020-03-31T00:00:00.000,Walla Walla,WA,Passenger,68,63,131,36246,36377,0.3601176567611402809467520686
2020-03-31T00:00:00.000,Yakima,WA,Passenger,124,116,240,165859,166099,0.1444921402296220928482411092
2020-04-30T00:00:00.000,Benton,WA,Passenger,348,321,669,134580,135249,0.4946432136281968813078100393
2020-04-30T00:00:00.000,Brevard,FL,Passenger,0,1,1,85,86,1.162790697674418604651162791
2020-04-30T00:00:00.000,Cascade,MT,Passenger,0,1,1,58,59,1.694915254237288135593220339
2020-08-31T00:00:00.000,Juneau,AK,Passenger,0,1,1,27,28,3.571428571428571428571428571
2020-08-31T00:00:00.000,Kittitas,WA,Passenger,110,47,157,29766,29923,0.5246800120308792567590148047
2020-08-31T00:00:00.000,Klamath,OR,Passenger,1,0,1,29,30,3.333333333333333333333333333
2020-08-31T00:00:00.000,Lincoln,WA,Truck,0,0,0,4652,4652,0
2020-08-31T00:00:00.000,Maui,HI,Passenger,1,0,1,30,31,3.225806451612903225806451613
2020-06-30T00:00:00.000,Skamania,WA,Passenger,31,17,48,8483,8531,0.5626538506622904700504044075
2020-06-30T00:00:00.000,Walla Walla,WA,Passenger,73,62,135,35839,35974,0.3752710290765552899316172791
2020-06-30T00:00:00.000,Whatcom,WA,Passenger,1065,500,1565,149278,150843,1.037502568896137043150825693
2020-06-30T00:00:00.000,Yakima,WA,Passenger,132,119,251,165374,165625,0.1515471698113207547169811321
2020-07-31T00:00:00.000,Adams,WA,Passenger,9,7,16,12865,12881,0.1242139585435913360763915845
2020-07-31T00:00:00.000,Adams,WA,Truck,0,0,0,5282,5282,0
2020-07-31T00:00:00.000,Albemarle,VA,Passenger,1,0,1,20,21,4.761904761904761904761904762
2020-07-31T00:00:00.000,Anne Arundel,MD,Passenger,0,1,1,406,407,0.2457002457002457002457002457
2020-07-31T00:00:00.000,Arapahoe,CO,Passenger,1,0,1,127,128,0.7812500
2020-07-31T00:00:00.000,Asotin,WA,Truck,0,0,0,6653,6653,0
2020-06-30T00:00:00.000,Ferry,WA,Passenger,5,3,8,4330,4338,0.1844167819271553711387736284
2020-06-30T00:00:00.000,Fresno,CA,Passenger,1,0,1,183,184,0.5434782608695652173913043478
2020-06-30T00:00:00.000,Fulton,GA,Passenger,1,2,3,97,100,3.00
2020-06-30T00:00:00.000,Grant,WA,Truck,0,0,0,27089,27089,0
2020-06-30T00:00:00.000,Houston,GA,Passenger,1,0,1,54,55,1.818181818181818181818181818
2020-06-30T00:00:00.000,Jefferson,NY,Passenger,0,1,1,210,211,0.4739336492890995260663507109
2020-06-30T00:00:00.000,Kent,MI,Passenger,0,1,1,23,24,4.166666666666666666666666667
2020-06-30T00:00:00.000,King,WA,Passenger,24117,7708,31825,1371259,1403084,2.268217726094802592004470153
2020-04-30T00:00:00.000,Snohomish,WA,Passenger,4401,1753,6154,535230,541384,1.136716267935513424851861156
2020-04-30T00:00:00.000,Spokane,WA,Passenger,711,472,1183,316352,317535,0.3725573558820287527359188751
2020-04-30T00:00:00.000,St. Clair,IL,Passenger,1,0,1,143,144,0.6944444444444444444444444444
2020-04-30T00:00:00.000,St. Louis,MO,Passenger,1,0,1,98,99,1.010101010101010101010101010
2020-04-30T00:00:00.000,Yakima,WA,Truck,0,0,0,59524,59524,0
2020-07-31T00:00:00.000,Clackamas,OR,Passenger,2,0,2,189,191,1.047120418848167539267015707
2020-07-31T00:00:00.000,DeKalb,IN,Passenger,1,0,1,1,2,50.0
2020-07-31T00:00:00.000,Erie,NY,Passenger,1,0,1,43,44,2.272727272727272727272727273
2020-08-31T00:00:00.000,Montgomery,AL,Passenger,0,1,1,38,39,2.564102564102564102564102564
2020-08-31T00:00:00.000,New Haven,CT,Passenger,0,2,2,35,37,5.405405405405405405405405405
2020-05-31T00:00:00.000,Moore,NC,Passenger,0,1,1,163,164,0.6097560975609756097560975610
2020-05-31T00:00:00.000,Okanogan,WA,Truck,0,0,0,16388,16388,0
2020-05-31T00:00:00.000,Pend Oreille,WA,Truck,0,0,0,5744,5744,0
2020-05-31T00:00:00.000,Pima,AZ,Passenger,3,1,4,346,350,1.142857142857142857142857143
2020-05-31T00:00:00.000,Placer,CA,Passenger,1,0,1,84,85,1.176470588235294117647058824
2020-05-31T00:00:00.000,Ramsey,MN,Passenger,1,0,1,41,42,2.380952380952380952380952381
2020-05-31T00:00:00.000,San Diego,CA,Passenger,15,6,21,2773,2794,0.7516105941302791696492483894
2020-05-31T00:00:00.000,Benton,WA,Truck,0,0,0,42473,42473,0
2020-05-31T00:00:00.000,Broward,FL,Passenger,2,1,3,110,113,2.654867256637168141592920354
2020-05-31T00:00:00.000,Cascade,MT,Passenger,0,1,1,58,59,1.694915254237288135593220339
2020-05-31T00:00:00.000,Chelan,WA,Truck,0,0,0,22435,22435,0
2020-05-31T00:00:00.000,Cowlitz,WA,Passenger,136,115,251,72373,72624,0.3456157743996474994492178894
2020-05-31T00:00:00.000,Alameda,CA,Passenger,2,1,3,269,272,1.102941176470588235294117647
2020-05-31T00:00:00.000,Brevard,FL,Passenger,0,1,1,83,84,1.190476190476190476190476190
2020-05-31T00:00:00.000,Carroll,NH,Passenger,0,1,1,4,5,20.0
2020-05-31T00:00:00.000,Charles,MD,Passenger,1,1,2,73,75,2.666666666666666666666666667
2020-05-31T00:00:00.000,Clay,FL,Passenger,0,1,1,80,81,1.234567901234567901234567901
2020-05-31T00:00:00.000,Denton,TX,Passenger,1,0,1,85,86,1.162790697674418604651162791
2020-05-31T00:00:00.000,Douglas,NE,Passenger,0,1,1,56,57,1.754385964912280701754385965
2020-06-30T00:00:00.000,Queens,NY,Passenger,1,0,1,50,51,1.960784313725490196078431373
2020-06-30T00:00:00.000,San Francisco,CA,Passenger,1,1,2,89,91,2.197802197802197802197802198
2020-06-30T00:00:00.000,Skagit,WA,Passenger,407,221,628,91162,91790,0.6841703889312561281185314304
2020-06-30T00:00:00.000,Skamania,WA,Truck,0,0,0,4011,4011,0
2020-06-30T00:00:00.000,St. Mary's,MD,Passenger,1,0,1,216,217,0.4608294930875576036866359447
2020-06-30T00:00:00.000,Twin Falls,ID,Passenger,0,1,1,22,23,4.347826086956521739130434783
2020-06-30T00:00:00.000,Vigo,IN,Passenger,1,0,1,5,6,16.66666666666666666666666667
2020-06-30T00:00:00.000,Wahkiakum,WA,Truck,0,0,0,1737,1737,0
2020-06-30T00:00:00.000,Walla Walla,WA,Truck,0,0,0,13744,13744,0
2020-06-30T00:00:00.000,Larimer,CO,Passenger,1,0,1,51,52,1.923076923076923076923076923
2020-06-30T00:00:00.000,Mason,WA,Truck,0,0,0,20606,20606,0
2020-06-30T00:00:00.000,Monroe,IL,Passenger,1,0,1,4,5,20.0
2020-06-30T00:00:00.000,Monterey,CA,Passenger,0,1,1,164,165,0.6060606060606060606060606061
2020-06-30T00:00:00.000,Moore,NC,Passenger,0,2,2,163,165,1.212121212121212121212121212
2020-06-30T00:00:00.000,Nassau,FL,Passenger,1,0,1,34,35,2.857142857142857142857142857
2020-06-30T00:00:00.000,Norfolk,VA,Passenger,2,2,4,351,355,1.126760563380281690140845070
2020-06-30T00:00:00.000,Oldham,KY,Passenger,0,1,1,4,5,20.0
2020-04-30T00:00:00.000,Chelan,WA,Truck,0,0,0,22460,22460,0
2020-04-30T00:00:00.000,Columbia,WA,Passenger,3,3,6,2407,2413,0.2486531288852051388313302942
2020-04-30T00:00:00.000,Columbia,WA,Truck,0,0,0,1525,1525,0
2020-04-30T00:00:00.000,Cowlitz,WA,Truck,0,0,0,28769,28769,0
2020-04-30T00:00:00.000,Dakota,MN,Passenger,0,1,1,30,31,3.225806451612903225806451613
2020-04-30T00:00:00.000,Denver,CO,Passenger,1,0,1,120,121,0.8264462809917355371900826446
2020-04-30T00:00:00.000,El Paso,TX,Passenger,3,0,3,435,438,0.6849315068493150684931506849
2020-04-30T00:00:00.000,Fairbanks North Star,AK,Passenger,0,1,1,102,103,0.9708737864077669902912621359
2020-04-30T00:00:00.000,Gwinnett,GA,Passenger,1,0,1,76,77,1.298701298701298701298701299
2020-08-31T00:00:00.000,San Juan,WA,Passenger,320,100,420,13930,14350,2.926829268292682926829268293
2020-08-31T00:00:00.000,Santa Clara,CA,Passenger,7,2,9,273,282,3.191489361702127659574468085
2020-08-31T00:00:00.000,Sedgwick,KS,Passenger,1,1,2,86,88,2.272727272727272727272727273
2020-08-31T00:00:00.000,Shelby,TN,Passenger,0,1,1,84,85,1.176470588235294117647058824
2020-08-31T00:00:00.000,St. Clair,IL,Passenger,1,0,1,144,145,0.6896551724137931034482758621
2020-08-31T00:00:00.000,Thurston,WA,Passenger,1196,752,1948,197155,199103,0.9783880704961753464287328669
2020-06-30T00:00:00.000,Washington,OR,Passenger,1,0,1,424,425,0.2352941176470588235294117647
2020-06-30T00:00:00.000,Washoe,NV,Passenger,1,0,1,100,101,0.9900990099009900990099009901
2020-07-31T00:00:00.000,,,Passenger,5,1,6,351,357,1.680672268907563025210084034
2020-07-31T00:00:00.000,Bell,TX,Passenger,0,1,1,419,420,0.2380952380952380952380952381
2020-05-31T00:00:00.000,Jefferson,WA,Passenger,233,141,374,24827,25201,1.484068092536010475774770842
2020-05-31T00:00:00.000,King,WA,Truck,5,1,6,181433,181439,0.003306896532718985444143761815
2020-05-31T00:00:00.000,Suffolk,VA,Passenger,1,0,1,117,118,0.8474576271186440677966101695
2020-05-31T00:00:00.000,Ventura,CA,Passenger,1,2,3,292,295,1.016949152542372881355932203
2020-05-31T00:00:00.000,Virginia Beach,VA,Passenger,1,0,1,668,669,0.1494768310911808669656203288
2020-05-31T00:00:00.000,Yakima,WA,Passenger,131,117,248,165041,165289,0.1500402325623604716587310710
2020-06-30T00:00:00.000,Adams,WA,Passenger,9,7,16,12785,12801,0.1249902351378798531364737130
2020-06-30T00:00:00.000,Arapahoe,CO,Passenger,1,0,1,128,129,0.7751937984496124031007751938
2020-06-30T00:00:00.000,Pima,AZ,Passenger,3,1,4,343,347,1.152737752161383285302593660
2020-06-30T00:00:00.000,Putnam,TN,Passenger,0,1,1,3,4,25.00
2020-06-30T00:00:00.000,Sacramento,CA,Passenger,1,0,1,261,262,0.3816793893129770992366412214
2020-06-30T00:00:00.000,Santa Cruz,CA,Passenger,1,0,1,33,34,2.941176470588235294117647059
2020-06-30T00:00:00.000,Sarasota,FL,Passenger,2,0,2,26,28,7.142857142857142857142857143
2020-06-30T00:00:00.000,Shelby,TN,Passenger,0,1,1,87,88,1.136363636363636363636363636
2020-06-30T00:00:00.000,Spartanburg,SC,Passenger,0,1,1,41,42,2.380952380952380952380952381
2020-06-30T00:00:00.000,St. Clair,IL,Passenger,1,0,1,141,142,0.7042253521126760563380281690
2020-05-31T00:00:00.000,Dakota,MN,Passenger,0,1,1,30,31,3.225806451612903225806451613
2020-05-31T00:00:00.000,Flathead,MT,Passenger,1,0,1,61,62,1.612903225806451612903225806
2020-05-31T00:00:00.000,Fulton,GA,Passenger,1,2,3,100,103,2.912621359223300970873786408
2020-05-31T00:00:00.000,Goochland,VA,Passenger,2,1,3,247,250,1.200
2020-05-31T00:00:00.000,Hamilton,IN,Passenger,1,0,1,39,40,2.500
2020-05-31T00:00:00.000,Harris,TX,Passenger,1,0,1,228,229,0.4366812227074235807860262009
2020-05-31T00:00:00.000,Island,WA,Passenger,408,270,678,62809,63487,1.067935167829634413344464221
2020-05-31T00:00:00.000,Island,WA,Truck,1,0,1,21140,21141,0.004730145215458114564117118396
2020-05-31T00:00:00.000,Jefferson,NY,Passenger,0,1,1,210,211,0.4739336492890995260663507109
2020-05-31T00:00:00.000,Kent,MI,Passenger,0,1,1,23,24,4.166666666666666666666666667
2020-07-31T00:00:00.000,Franklin,WA,Passenger,65,79,144,60783,60927,0.2363484169579989167364222758
2020-07-31T00:00:00.000,Franklin,WA,Truck,0,0,0,20097,20097,0
2020-07-31T00:00:00.000,Garfield,WA,Passenger,0,1,1,1353,1354,0.07385524372230428360413589365
2020-07-31T00:00:00.000,Honolulu,HI,Passenger,4,1,5,441,446,1.121076233183856502242152466
2020-07-31T00:00:00.000,Howard,MD,Passenger,0,1,1,69,70,1.428571428571428571428571429
2020-07-31T00:00:00.000,Jefferson,CO,Passenger,0,1,1,60,61,1.639344262295081967213114754
2020-07-31T00:00:00.000,Kern,CA,Passenger,0,1,1,223,224,0.4464285714285714285714285714
2020-07-31T00:00:00.000,Kitsap,WA,Passenger,1378,696,2074,179912,181986,1.139648104799270273537524865
2020-07-31T00:00:00.000,Klamath,OR,Passenger,1,0,1,30,31,3.225806451612903225806451613
2020-04-30T00:00:00.000,Island,WA,Truck,1,0,1,21150,21151,0.004727908845917450711550281311
2020-04-30T00:00:00.000,Klickitat,WA,Truck,0,0,0,8193,8193,0
2020-04-30T00:00:00.000,Kootenai,ID,Passenger,1,0,1,215,216,0.4629629629629629629629629630
2020-04-30T00:00:00.000,Lake,FL,Passenger,1,0,1,20,21,4.761904761904761904761904762
2020-04-30T00:00:00.000,Montgomery,OH,Passenger,0,1,1,45,46,2.173913043478260869565217391
2020-08-31T00:00:00.000,Yakima,WA,Truck,0,0,0,60428,60428,0
2020-09-30T00:00:00.000,,,Passenger,5,1,6,341,347,1.729106628242074927953890490
2020-09-30T00:00:00.000,Boone,MO,Passenger,0,1,1,11,12,8.333333333333333333333333333
2020-09-30T00:00:00.000,Camden,NJ,Passenger,0,1,1,23,24,4.166666666666666666666666667
2020-09-30T00:00:00.000,Clark,WA,Truck,0,0,0,82863,82863,0
2020-07-31T00:00:00.000,Clallam,WA,Truck,1,0,1,21699,21700,0.004608294930875576036866359447
2020-07-31T00:00:00.000,Contra Costa,CA,Passenger,4,2,6,323,329,1.823708206686930091185410334
2020-07-31T00:00:00.000,Deschutes,OR,Passenger,2,0,2,127,129,1.550387596899224806201550388
2020-07-31T00:00:00.000,Douglas,WA,Passenger,75,41,116,28057,28173,0.4117417385439960245625244028
2020-07-31T00:00:00.000,Ferry,WA,Truck,0,0,0,3566,3566,0
2020-07-31T00:00:00.000,Frederick,MD,Passenger,1,1,2,76,78,2.564102564102564102564102564
2020-06-30T00:00:00.000,Travis,TX,Passenger,2,1,3,173,176,1.704545454545454545454545455
2020-06-30T00:00:00.000,Virginia Beach,VA,Passenger,1,0,1,664,665,0.1503759398496240601503759398
2020-06-30T00:00:00.000,Whitman,WA,Passenger,44,48,92,22143,22235,0.4137620868000899482797391500
2020-06-30T00:00:00.000,Yakima,WA,Truck,0,0,0,59903,59903,0
2020-07-31T00:00:00.000,Alameda,CA,Passenger,2,0,2,262,264,0.7575757575757575757575757576
2020-07-31T00:00:00.000,Arlington,VA,Passenger,0,2,2,146,148,1.351351351351351351351351351
2020-07-31T00:00:00.000,Boone,MO,Passenger,0,1,1,11,12,8.333333333333333333333333333
2020-07-31T00:00:00.000,Boulder,CO,Passenger,0,1,1,43,44,2.272727272727272727272727273
2020-05-31T00:00:00.000,Lee,FL,Passenger,1,0,1,45,46,2.173913043478260869565217391
2020-05-31T00:00:00.000,Lincoln,WA,Passenger,4,12,16,7647,7663,0.2087955108965157249119143938
2020-05-31T00:00:00.000,Loudoun,VA,Passenger,1,0,1,88,89,1.123595505617977528089887640
2020-05-31T00:00:00.000,Montgomery,PA,Passenger,1,0,1,30,31,3.225806451612903225806451613
2020-05-31T00:00:00.000,Pacific,WA,Passenger,31,33,64,15706,15770,0.4058338617628408370323398859
2020-05-31T00:00:00.000,Pend Oreille,WA,Passenger,7,6,13,9217,9230,0.1408450704225352112676056338
2020-07-31T00:00:00.000,Lincoln,WA,Truck,0,0,0,4661,4661,0
2020-07-31T00:00:00.000,Loudoun,VA,Passenger,1,0,1,83,84,1.190476190476190476190476190
2020-07-31T00:00:00.000,Montgomery,AL,Passenger,0,1,1,39,40,2.500
2020-07-31T00:00:00.000,New London,CT,Passenger,1,2,3,249,252,1.190476190476190476190476190
2020-07-31T00:00:00.000,Orange,CA,Passenger,7,2,9,485,494,1.821862348178137651821862348
2020-06-30T00:00:00.000,Benton,WA,Passenger,359,321,680,134252,134932,0.5039575489876382177689502861
2020-06-30T00:00:00.000,Boone,MO,Passenger,0,1,1,11,12,8.333333333333333333333333333
2020-06-30T00:00:00.000,Boulder,CO,Passenger,0,1,1,42,43,2.325581395348837209302325581
2020-06-30T00:00:00.000,Broward,FL,Passenger,2,1,3,106,109,2.752293577981651376146788991
2020-06-30T00:00:00.000,Bucks,PA,Passenger,1,0,1,19,20,5.00
2020-06-30T00:00:00.000,Cape May,NJ,Passenger,0,1,1,13,14,7.142857142857142857142857143
2020-06-30T00:00:00.000,Cascade,MT,Passenger,0,1,1,56,57,1.754385964912280701754385965
2020-06-30T00:00:00.000,Clallam,WA,Passenger,228,168,396,50100,50496,0.7842205323193916349809885932
2020-06-30T00:00:00.000,Cowlitz,WA,Truck,0,0,0,28872,28872,0
2020-06-30T00:00:00.000,Dakota,MN,Passenger,0,1,1,31,32,3.12500
2020-06-30T00:00:00.000,DeKalb,IN,Passenger,1,0,1,1,2,50.0
2020-05-31T00:00:00.000,Kootenai,ID,Passenger,1,0,1,213,214,0.4672897196261682242990654206
2020-05-31T00:00:00.000,Lewis,WA,Passenger,99,108,207,58244,58451,0.3541427862654188978802757866
2020-05-31T00:00:00.000,Mason,WA,Passenger,157,137,294,47193,47487,0.6191168109166719312653989513
2020-05-31T00:00:00.000,Mason,WA,Truck,0,0,0,20509,20509,0
2020-05-31T00:00:00.000,Newport,RI,Passenger,1,0,1,84,85,1.176470588235294117647058824
2020-05-31T00:00:00.000,Norfolk,VA,Passenger,2,2,4,352,356,1.123595505617977528089887640
2020-05-31T00:00:00.000,Nueces,TX,Passenger,1,0,1,78,79,1.265822784810126582278481013
2020-07-31T00:00:00.000,Harrison,MS,Passenger,1,0,1,54,55,1.818181818181818181818181818
2020-07-31T00:00:00.000,Klickitat,WA,Passenger,56,43,99,15115,15214,0.6507164453792559484685158407
2020-07-31T00:00:00.000,Lake,IL,Passenger,1,0,1,169,170,0.5882352941176470588235294118
2020-09-30T00:00:00.000,Denver,CO,Passenger,1,0,1,110,111,0.9009009009009009009009009009
2020-09-30T00:00:00.000,Deschutes,OR,Passenger,1,0,1,122,123,0.8130081300813008130081300813
2020-09-30T00:00:00.000,Douglas,WA,Passenger,79,45,124,28048,28172,0.4401533437455629703251455346
2020-09-30T00:00:00.000,Douglas,WA,Truck,0,0,0,12379,12379,0
2020-09-30T00:00:00.000,El Dorado,CA,Passenger,1,0,1,34,35,2.857142857142857142857142857
2020-09-30T00:00:00.000,Frederick,MD,Passenger,1,1,2,73,75,2.666666666666666666666666667
2020-09-30T00:00:00.000,Grant,WA,Passenger,67,80,147,65588,65735,0.2236251616338328135696356583
2020-09-30T00:00:00.000,Gwinnett,GA,Passenger,1,0,1,73,74,1.351351351351351351351351351
2020-07-31T00:00:00.000,Bradley,TN,Passenger,1,0,1,3,4,25.00
2020-07-31T00:00:00.000,Bucks,PA,Passenger,1,0,1,20,21,4.761904761904761904761904762
2020-07-31T00:00:00.000,Camden,NJ,Passenger,0,1,1,22,23,4.347826086956521739130434783
2020-07-31T00:00:00.000,Cape May,NJ,Passenger,0,1,1,13,14,7.142857142857142857142857143
2020-07-31T00:00:00.000,Charles,MD,Passenger,1,1,2,75,77,2.597402597402597402597402597
2020-07-31T00:00:00.000,Charleston,SC,Passenger,2,0,2,98,100,2.00
2020-07-31T00:00:00.000,Clark,NV,Passenger,2,3,5,671,676,0.7396449704142011834319526627
2020-07-31T00:00:00.000,Clay,FL,Passenger,0,1,1,82,83,1.204819277108433734939759036
2020-07-31T00:00:00.000,Douglas,WA,Truck,0,0,0,12351,12351,0
2020-07-31T00:00:00.000,DuPage,IL,Passenger,3,0,3,56,59,5.084745762711864406779661017
2020-07-31T00:00:00.000,Duval,FL,Passenger,0,2,2,363,365,0.5479452054794520547945205479
2020-09-30T00:00:00.000,Juneau,AK,Passenger,0,1,1,28,29,3.448275862068965517241379310
2020-09-30T00:00:00.000,Lake,FL,Passenger,1,0,1,23,24,4.166666666666666666666666667
2020-09-30T00:00:00.000,Maui,HI,Passenger,1,0,1,29,30,3.333333333333333333333333333
2020-07-31T00:00:00.000,Manassas,VA,Passenger,0,1,1,4,5,20.0
2020-07-31T00:00:00.000,Maricopa,AZ,Passenger,5,7,12,1368,1380,0.8695652173913043478260869565
2020-07-31T00:00:00.000,Maui,HI,Passenger,1,0,1,32,33,3.030303030303030303030303030
2020-07-31T00:00:00.000,Prince George's,MD,Passenger,1,1,2,154,156,1.282051282051282051282051282
2020-05-31T00:00:00.000,Pinal,AZ,Passenger,1,0,1,183,184,0.5434782608695652173913043478
2020-05-31T00:00:00.000,Prince William,VA,Passenger,2,3,5,221,226,2.212389380530973451327433628
2020-05-31T00:00:00.000,RÃ­o Grande,PR,Passenger,1,0,1,1,2,50.0
2020-05-31T00:00:00.000,Skamania,WA,Passenger,30,16,46,8527,8573,0.5365682958124343870290446751
2020-05-31T00:00:00.000,Solano,CA,Passenger,1,0,1,213,214,0.4672897196261682242990654206
2020-05-31T00:00:00.000,Tulsa,OK,Passenger,1,1,2,43,45,4.444444444444444444444444444
2020-05-31T00:00:00.000,Utah,UT,Passenger,0,1,1,129,130,0.7692307692307692307692307692
2020-05-31T00:00:00.000,Whatcom,WA,Passenger,1061,497,1558,149330,150888,1.032553947298658607709029214
2020-06-30T00:00:00.000,Fairfax,VA,Passenger,4,3,7,734,741,0.9446693657219973009446693657
2020-06-30T00:00:00.000,Howard,MD,Passenger,0,1,1,72,73,1.369863013698630136986301370
2020-06-30T00:00:00.000,Island,WA,Truck,1,0,1,21216,21217,0.004713201677899797332327850309
2020-06-30T00:00:00.000,Kitsap,WA,Passenger,1331,686,2017,179842,181859,1.109101006823968019179694159
2020-06-30T00:00:00.000,Klickitat,WA,Truck,0,0,0,8102,8102,0
2020-04-30T00:00:00.000,Pacific,WA,Passenger,30,34,64,15840,15904,0.4024144869215291750503018109
2020-04-30T00:00:00.000,Pierce,WA,Truck,0,0,0,141154,141154,0
2020-04-30T00:00:00.000,Pinellas,FL,Passenger,1,1,2,107,109,1.834862385321100917431192661
2020-04-30T00:00:00.000,Polk,FL,Passenger,1,0,1,66,67,1.492537313432835820895522388
2020-04-30T00:00:00.000,Powhatan,VA,Passenger,1,0,1,0,1,100
2020-04-30T00:00:00.000,Richmond,GA,Passenger,0,1,1,92,93,1.075268817204301075268817204
2020-04-30T00:00:00.000,San Mateo,CA,Passenger,0,1,1,114,115,0.8695652173913043478260869565
2020-04-30T00:00:00.000,Shasta,CA,Passenger,1,0,1,37,38,2.631578947368421052631578947
2020-04-30T00:00:00.000,Skagit,WA,Truck,1,0,1,32389,32390,0.003087372645878357517752392714
2020-04-30T00:00:00.000,Spokane,WA,Truck,1,0,1,97410,97411,0.001026578107195285953331759247
2020-04-30T00:00:00.000,Stevens,WA,Passenger,33,33,66,30966,31032,0.2126836813611755607115235886
2020-04-30T00:00:00.000,Stevens,WA,Truck,0,0,0,18613,18613,0
2020-04-30T00:00:00.000,Suffolk,MA,Passenger,0,2,2,36,38,5.263157894736842105263157895
2020-07-31T00:00:00.000,Richland,SC,Passenger,0,1,1,156,157,0.6369426751592356687898089172
2020-07-31T00:00:00.000,Riverside,CA,Passenger,3,1,4,610,614,0.6514657980456026058631921824
2020-07-31T00:00:00.000,Salt Lake,UT,Passenger,0,1,1,177,178,0.5617977528089887640449438202
2020-07-31T00:00:00.000,San Juan,WA,Passenger,311,94,405,13959,14364,2.819548872180451127819548872
2020-07-31T00:00:00.000,San Juan,WA,Truck,0,0,0,5842,5842,0
2020-07-31T00:00:00.000,Solano,CA,Passenger,1,0,1,214,215,0.4651162790697674418604651163
2020-07-31T00:00:00.000,Stafford,VA,Passenger,1,1,2,88,90,2.222222222222222222222222222
2020-07-31T00:00:00.000,Sumter,FL,Passenger,0,1,1,9,10,10.0
2020-07-31T00:00:00.000,Thurston,WA,Truck,0,0,0,55907,55907,0
2020-06-30T00:00:00.000,Allegheny,PA,Passenger,1,0,1,68,69,1.449275362318840579710144928
2020-06-30T00:00:00.000,Bell,TX,Passenger,0,1,1,421,422,0.2369668246445497630331753555
2020-06-30T00:00:00.000,Carson City,NV,Passenger,1,0,1,11,12,8.333333333333333333333333333
2020-09-30T00:00:00.000,New Haven,CT,Passenger,0,2,2,34,36,5.555555555555555555555555556
2020-09-30T00:00:00.000,Palm Beach,FL,Passenger,0,1,1,73,74,1.351351351351351351351351351
2020-09-30T00:00:00.000,Powhatan,VA,Passenger,1,0,1,0,1,100
2020-09-30T00:00:00.000,Richmond,GA,Passenger,0,1,1,87,88,1.136363636363636363636363636
2020-09-30T00:00:00.000,Rockingham,NH,Passenger,1,0,1,24,25,4.00
2020-09-30T00:00:00.000,Rogers,OK,Passenger,1,0,1,5,6,16.66666666666666666666666667
2020-09-30T00:00:00.000,San Diego,CA,Passenger,16,5,21,2769,2790,0.7526881720430107526881720430
2020-08-31T00:00:00.000,Broward,FL,Passenger,2,1,3,105,108,2.777777777777777777777777778
2020-08-31T00:00:00.000,Cascade,MT,Passenger,0,1,1,56,57,1.754385964912280701754385965
2020-07-31T00:00:00.000,Randolph,NC,Passenger,1,0,1,8,9,11.11111111111111111111111111
2020-07-31T00:00:00.000,San Diego,CA,Passenger,15,5,20,2795,2815,0.7104795737122557726465364121
2020-07-31T00:00:00.000,Sedgwick,KS,Passenger,1,1,2,93,95,2.105263157894736842105263158
2020-07-31T00:00:00.000,Thurston,WA,Passenger,1177,743,1920,197203,199123,0.9642281403956348588560839280
2020-07-31T00:00:00.000,Washtenaw,MI,Passenger,1,0,1,32,33,3.030303030303030303030303030
2020-04-30T00:00:00.000,Tarrant,TX,Passenger,1,0,1,175,176,0.5681818181818181818181818182
2020-04-30T00:00:00.000,Whatcom,WA,Truck,3,0,3,42838,42841,0.007002637660185336476739571905
2020-05-31T00:00:00.000,Ada,ID,Passenger,0,1,1,267,268,0.3731343283582089552238805970
2020-05-31T00:00:00.000,Alexandria,VA,Passenger,1,0,1,140,141,0.7092198581560283687943262411
2020-05-31T00:00:00.000,Bartow,GA,Passenger,0,1,1,2,3,33.33333333333333333333333333
2020-07-31T00:00:00.000,Jefferson,WA,Passenger,249,142,391,24740,25131,1.555847359834467390871831602
2020-07-31T00:00:00.000,Kent,MI,Passenger,0,1,1,23,24,4.166666666666666666666666667
2020-07-31T00:00:00.000,Kitsap,WA,Truck,0,0,0,54159,54159,0
2020-07-31T00:00:00.000,Lewis,WA,Passenger,107,115,222,58140,58362,0.3803844967615914464891539015
2020-06-30T00:00:00.000,Kootenai,ID,Passenger,1,0,1,209,210,0.4761904761904761904761904762
2020-06-30T00:00:00.000,Lincoln,WA,Truck,0,0,0,4624,4624,0
2020-06-30T00:00:00.000,Montgomery,AL,Passenger,0,1,1,39,40,2.500
2020-06-30T00:00:00.000,Montgomery,OH,Passenger,0,1,1,47,48,2.083333333333333333333333333
2020-06-30T00:00:00.000,Orange,CA,Passenger,7,2,9,495,504,1.785714285714285714285714286
2020-06-30T00:00:00.000,Pierce,WA,Truck,0,0,0,142186,142186,0
2020-08-31T00:00:00.000,Asotin,WA,Truck,0,0,0,6666,6666,0
2020-08-31T00:00:00.000,Chesapeake,VA,Passenger,0,2,2,420,422,0.4739336492890995260663507109
2020-07-31T00:00:00.000,Nassau,FL,Passenger,1,0,1,33,34,2.941176470588235294117647059
2020-07-31T00:00:00.000,Norfolk,VA,Passenger,2,2,4,353,357,1.120448179271708683473389356
2020-07-31T00:00:00.000,Nueces,TX,Passenger,1,0,1,80,81,1.234567901234567901234567901
2020-07-31T00:00:00.000,Palm Beach,FL,Passenger,0,1,1,75,76,1.315789473684210526315789474
2020-09-30T00:00:00.000,Stevens,WA,Truck,0,0,0,18704,18704,0
2020-09-30T00:00:00.000,Suffolk,MA,Passenger,0,2,2,34,36,5.555555555555555555555555556
2020-10-31T00:00:00.000,Adams,WA,Passenger,8,7,15,12936,12951,0.1158211721102617558489691916
2020-10-31T00:00:00.000,Arapahoe,CO,Passenger,1,0,1,122,123,0.8130081300813008130081300813
2020-10-31T00:00:00.000,Asotin,WA,Truck,0,0,0,6684,6684,0
2020-05-31T00:00:00.000,Calvert,MD,Passenger,0,2,2,87,89,2.247191011235955056179775281
2020-05-31T00:00:00.000,Contra Costa,CA,Passenger,3,1,4,336,340,1.176470588235294117647058824
2020-05-31T00:00:00.000,Dallas,TX,Passenger,1,0,1,199,200,0.500
2020-05-31T00:00:00.000,Pierce,WA,Passenger,2353,1676,4029,547712,551741,0.7302339322254463597956287461
2020-05-31T00:00:00.000,Pierce,WA,Truck,0,0,0,141333,141333,0
2020-05-31T00:00:00.000,Pinellas,FL,Passenger,1,1,2,106,108,1.851851851851851851851851852
2020-05-31T00:00:00.000,Portsmouth,VA,Passenger,0,1,1,76,77,1.298701298701298701298701299
2020-05-31T00:00:00.000,Putnam,TN,Passenger,0,1,1,3,4,25.00
2020-05-31T00:00:00.000,Santa Cruz,CA,Passenger,1,0,1,35,36,2.777777777777777777777777778
2020-05-31T00:00:00.000,Skagit,WA,Passenger,400,216,616,91177,91793,0.6710751364483130521935223819
2020-05-31T00:00:00.000,Skagit,WA,Truck,1,0,1,32390,32391,0.003087277330122564910005865827
2020-05-31T00:00:00.000,Snohomish,WA,Passenger,4403,1750,6153,533914,540067,1.139303086468901080791827681
2020-05-31T00:00:00.000,Spartanburg,SC,Passenger,0,1,1,42,43,2.325581395348837209302325581
2020-05-31T00:00:00.000,Spokane,WA,Passenger,721,478,1199,315075,316274,0.3791016650119832803202286625
2020-05-31T00:00:00.000,Twin Falls,ID,Passenger,0,1,1,24,25,4.00
2020-05-31T00:00:00.000,Vigo,IN,Passenger,1,0,1,5,6,16.66666666666666666666666667
2020-05-31T00:00:00.000,Wahkiakum,WA,Truck,0,0,0,1759,1759,0
2020-10-31T00:00:00.000,Bartow,GA,Passenger,0,1,1,2,3,33.33333333333333333333333333
2020-10-31T00:00:00.000,Chesapeake,VA,Passenger,0,3,3,411,414,0.7246376811594202898550724638
2020-10-31T00:00:00.000,Clackamas,OR,Passenger,2,0,2,182,184,1.086956521739130434782608696
2020-10-31T00:00:00.000,DeKalb,GA,Passenger,1,0,1,72,73,1.369863013698630136986301370
2020-06-30T00:00:00.000,Clackamas,OR,Passenger,2,0,2,195,197,1.015228426395939086294416244
2020-06-30T00:00:00.000,Columbia,WA,Passenger,4,3,7,2415,2422,0.2890173410404624277456647399
2020-06-30T00:00:00.000,Contra Costa,CA,Passenger,3,2,5,331,336,1.488095238095238095238095238
2020-06-30T00:00:00.000,Cumberland,NC,Passenger,0,3,3,463,466,0.6437768240343347639484978541
2020-06-30T00:00:00.000,Douglas,NE,Passenger,0,1,1,54,55,1.818181818181818181818181818
2020-06-30T00:00:00.000,Fairbanks North Star,AK,Passenger,0,1,1,100,101,0.9900990099009900990099009901
2020-06-30T00:00:00.000,Ferry,WA,Truck,0,0,0,3553,3553,0
2020-06-30T00:00:00.000,Franklin,WA,Passenger,60,76,136,60647,60783,0.2237467713011861869272658474
2020-06-30T00:00:00.000,Grays Harbor,WA,Passenger,106,111,217,48143,48360,0.4487179487179487179487179487
2020-08-31T00:00:00.000,Collin,TX,Passenger,1,1,2,118,120,1.666666666666666666666666667
2020-08-31T00:00:00.000,Columbia,WA,Truck,0,0,0,1527,1527,0
2020-08-31T00:00:00.000,DeKalb,GA,Passenger,1,0,1,75,76,1.315789473684210526315789474
2020-08-31T00:00:00.000,Franklin,WA,Truck,0,0,0,20189,20189,0
2020-08-31T00:00:00.000,Grays Harbor,WA,Truck,0,0,0,21031,21031,0
2020-07-31T00:00:00.000,Pinal,AZ,Passenger,1,0,1,175,176,0.5681818181818181818181818182
2020-07-31T00:00:00.000,Prince William,VA,Passenger,2,3,5,224,229,2.183406113537117903930131004
2020-07-31T00:00:00.000,Rockingham,NH,Passenger,1,0,1,23,24,4.166666666666666666666666667
2020-07-31T00:00:00.000,Rogers,OK,Passenger,1,0,1,5,6,16.66666666666666666666666667
2020-07-31T00:00:00.000,Santa Cruz,CA,Passenger,1,0,1,32,33,3.030303030303030303030303030
2020-07-31T00:00:00.000,Snohomish,WA,Passenger,4584,1777,6361,535649,542010,1.173594583125772587221637977
2020-05-31T00:00:00.000,Ferry,WA,Passenger,5,3,8,4331,4339,0.1843742797879695782438349850
2020-05-31T00:00:00.000,Fort Bend,TX,Passenger,1,0,1,47,48,2.083333333333333333333333333
2020-05-31T00:00:00.000,Grant,WA,Truck,0,0,0,26987,26987,0
2020-05-31T00:00:00.000,Hennepin,MN,Passenger,3,0,3,86,89,3.370786516853932584269662921
2020-05-31T00:00:00.000,Juneau,AK,Passenger,0,2,2,29,31,6.451612903225806451612903226
2020-06-30T00:00:00.000,Polk,FL,Passenger,1,0,1,65,66,1.515151515151515151515151515
2020-06-30T00:00:00.000,Riverside,CA,Passenger,3,1,4,618,622,0.6430868167202572347266881029
2020-06-30T00:00:00.000,San Mateo,CA,Passenger,0,1,1,108,109,0.9174311926605504587155963303
2020-06-30T00:00:00.000,Shasta,CA,Passenger,1,0,1,36,37,2.702702702702702702702702703
2020-06-30T00:00:00.000,Shelby,OH,Passenger,0,1,1,1,2,50.0
2020-06-30T00:00:00.000,Skagit,WA,Truck,1,0,1,32473,32474,0.003079386586192030547514935025
2020-06-30T00:00:00.000,Stevens,WA,Passenger,36,33,69,30654,30723,0.2245874426325554145103017283
2020-06-30T00:00:00.000,Sumter,FL,Passenger,0,1,1,9,10,10.0
2020-06-30T00:00:00.000,Thurston,WA,Truck,0,0,0,55753,55753,0
2020-08-31T00:00:00.000,Chelan,WA,Passenger,248,80,328,54184,54512,0.6017023774581743469327854417
2020-08-31T00:00:00.000,Chelan,WA,Truck,0,0,0,22676,22676,0
2020-08-31T00:00:00.000,Clallam,WA,Passenger,239,171,410,49954,50364,0.8140735445953458819791914860
2020-08-31T00:00:00.000,Columbia,WA,Passenger,3,3,6,2423,2429,0.2470152326060107039934129271
2020-08-31T00:00:00.000,Cowlitz,WA,Passenger,152,120,272,72139,72411,0.3756335363411636353592686194
2020-08-31T00:00:00.000,Dakota,MN,Passenger,0,1,1,32,33,3.030303030303030303030303030
2020-08-31T00:00:00.000,Fairbanks North Star,AK,Passenger,0,1,1,99,100,1.00
2020-08-31T00:00:00.000,Fairfax,VA,Passenger,4,3,7,749,756,0.9259259259259259259259259259
2020-08-31T00:00:00.000,Flathead,MT,Passenger,1,0,1,54,55,1.818181818181818181818181818
2020-08-31T00:00:00.000,Harrison,MS,Passenger,1,0,1,56,57,1.754385964912280701754385965
2020-07-31T00:00:00.000,Tulsa,OK,Passenger,1,1,2,41,43,4.651162790697674418604651163
2020-07-31T00:00:00.000,Wahkiakum,WA,Passenger,6,6,12,3001,3013,0.3982741453700630600730169267
2020-07-31T00:00:00.000,Williams,ND,Passenger,0,1,1,11,12,8.333333333333333333333333333
2020-08-31T00:00:00.000,Asotin,WA,Passenger,17,14,31,12358,12389,0.2502219711033981758011138914
2020-08-31T00:00:00.000,Brevard,FL,Passenger,0,1,1,81,82,1.219512195121951219512195122
2020-05-31T00:00:00.000,Washoe,NV,Passenger,1,0,1,102,103,0.9708737864077669902912621359
2020-05-31T00:00:00.000,Whatcom,WA,Truck,3,0,3,42852,42855,0.007000350017500875043752187609
2020-06-30T00:00:00.000,Adams,WA,Truck,0,0,0,5262,5262,0
2020-06-30T00:00:00.000,Asotin,WA,Passenger,16,12,28,12323,12351,0.2267022913124443364909723909
2020-06-30T00:00:00.000,Asotin,WA,Truck,0,0,0,6638,6638,0
2020-06-30T00:00:00.000,Chesapeake,VA,Passenger,0,2,2,422,424,0.4716981132075471698113207547
2020-06-30T00:00:00.000,Whatcom,WA,Truck,3,0,3,43014,43017,0.006973987028384127205523397726
2020-06-30T00:00:00.000,Williams,ND,Passenger,0,1,1,11,12,8.333333333333333333333333333
2020-07-31T00:00:00.000,Asotin,WA,Passenger,16,12,28,12380,12408,0.2256608639587362991618310767
2020-07-31T00:00:00.000,Broward,FL,Passenger,2,1,3,104,107,2.803738317757009345794392523
2020-07-31T00:00:00.000,Calvert,MD,Passenger,0,2,2,88,90,2.222222222222222222222222222
2020-08-31T00:00:00.000,Jones,GA,Passenger,1,0,1,1,2,50.0
2020-08-31T00:00:00.000,Kern,CA,Passenger,0,1,1,221,222,0.4504504504504504504504504505
2020-08-31T00:00:00.000,Kitsap,WA,Passenger,1401,699,2100,179673,181773,1.155287088841577131917281444
2020-08-31T00:00:00.000,Kittitas,WA,Truck,0,0,0,14555,14555,0
2020-08-31T00:00:00.000,Klickitat,WA,Truck,0,0,0,8105,8105,0
2020-08-31T00:00:00.000,Middlesex,MA,Passenger,1,1,2,95,97,2.061855670103092783505154639
2020-08-31T00:00:00.000,Monroe,IL,Passenger,1,0,1,4,5,20.0
2020-05-31T00:00:00.000,Kittitas,WA,Passenger,102,48,150,29780,29930,0.5011693952555963915803541597
2020-05-31T00:00:00.000,Larimer,CO,Passenger,1,0,1,51,52,1.923076923076923076923076923
2020-05-31T00:00:00.000,Maui,HI,Passenger,1,0,1,32,33,3.030303030303030303030303030
2020-05-31T00:00:00.000,Multnomah,OR,Passenger,4,7,11,709,720,1.527777777777777777777777778
2020-05-31T00:00:00.000,Nassau,NY,Passenger,4,0,4,33,37,10.81081081081081081081081081
2020-05-31T00:00:00.000,New Haven,CT,Passenger,0,2,2,39,41,4.878048780487804878048780488
2020-05-31T00:00:00.000,Okanogan,WA,Passenger,34,33,67,25879,25946,0.2582286286903568950898018962
2020-05-31T00:00:00.000,Oldham,KY,Passenger,0,1,1,4,5,20.0
2020-06-30T00:00:00.000,Harrison,MS,Passenger,1,0,1,56,57,1.754385964912280701754385965
2020-06-30T00:00:00.000,Hennepin,MN,Passenger,3,0,3,83,86,3.488372093023255813953488372
2020-06-30T00:00:00.000,Kittitas,WA,Passenger,99,47,146,29806,29952,0.4874465811965811965811965812
2020-06-30T00:00:00.000,Klamath,OR,Passenger,1,0,1,30,31,3.225806451612903225806451613
2020-06-30T00:00:00.000,Klickitat,WA,Passenger,53,41,94,15173,15267,0.6157070806314272614135062553
2020-06-30T00:00:00.000,Lewis,WA,Truck,0,0,0,26212,26212,0
2020-06-30T00:00:00.000,Los Angeles,CA,Passenger,7,11,18,986,1004,1.792828685258964143426294821
2020-06-30T00:00:00.000,Maricopa,AZ,Passenger,5,7,12,1378,1390,0.8633093525179856115107913669
2020-06-30T00:00:00.000,DuPage,IL,Passenger,3,0,3,56,59,5.084745762711864406779661017
2020-06-30T00:00:00.000,El Paso,CO,Passenger,2,0,2,709,711,0.2812939521800281293952180028
2020-06-30T00:00:00.000,Erie,NY,Passenger,1,0,1,42,43,2.325581395348837209302325581
2020-06-30T00:00:00.000,Franklin,WA,Truck,0,0,0,19974,19974,0
2020-06-30T00:00:00.000,Guadalupe,TX,Passenger,1,0,1,63,64,1.562500
2020-08-31T00:00:00.000,Island,WA,Passenger,433,273,706,62824,63530,1.111286006611049897686132536
2020-08-31T00:00:00.000,Island,WA,Truck,1,0,1,21232,21233,0.004709650072999576131493430038
2020-08-31T00:00:00.000,Klickitat,WA,Passenger,57,42,99,15044,15143,0.6537674172885161460740936406
2020-08-31T00:00:00.000,Kootenai,ID,Passenger,1,0,1,206,207,0.4830917874396135265700483092
2020-08-31T00:00:00.000,Montgomery,OH,Passenger,0,1,1,46,47,2.127659574468085106382978723
2020-10-31T00:00:00.000,Ferry,WA,Passenger,8,3,11,4351,4362,0.2521779000458505272810637322
2020-10-31T00:00:00.000,Franklin,WA,Passenger,73,78,151,61107,61258,0.2464984165333507460250089784
2020-10-31T00:00:00.000,Franklin,WA,Truck,0,0,0,20376,20376,0
2020-10-31T00:00:00.000,Hennepin,MN,Passenger,2,0,2,81,83,2.409638554216867469879518072
2020-10-31T00:00:00.000,Howard,MD,Passenger,0,1,1,61,62,1.612903225806451612903225806
2020-10-31T00:00:00.000,Kern,CA,Passenger,0,1,1,219,220,0.4545454545454545454545454545
2020-10-31T00:00:00.000,Kitsap,WA,Passenger,1465,730,2195,179752,181947,1.206395268951947545164251128
2020-10-31T00:00:00.000,Kittitas,WA,Passenger,121,50,171,29704,29875,0.5723849372384937238493723849
2020-10-31T00:00:00.000,Kittitas,WA,Truck,0,0,0,14626,14626,0
2020-10-31T00:00:00.000,Klamath,OR,Passenger,1,0,1,29,30,3.333333333333333333333333333
2020-06-30T00:00:00.000,Montgomery,PA,Passenger,1,0,1,30,31,3.225806451612903225806451613
2020-06-30T00:00:00.000,Prince George's,MD,Passenger,1,1,2,162,164,1.219512195121951219512195122
2020-06-30T00:00:00.000,Randolph,NC,Passenger,1,0,1,7,8,12.500
2020-08-31T00:00:00.000,Denver,CO,Passenger,1,0,1,111,112,0.8928571428571428571428571429
2020-08-31T00:00:00.000,Douglas,WA,Truck,0,0,0,12338,12338,0
2020-08-31T00:00:00.000,El Paso,CO,Passenger,2,0,2,702,704,0.2840909090909090909090909091
2020-08-31T00:00:00.000,El Paso,TX,Passenger,3,0,3,410,413,0.7263922518159806295399515738
2020-08-31T00:00:00.000,Garfield,WA,Truck,0,0,0,994,994,0
2020-08-31T00:00:00.000,Guadalupe,TX,Passenger,1,0,1,59,60,1.666666666666666666666666667
2020-08-31T00:00:00.000,Gwinnett,GA,Passenger,1,0,1,75,76,1.315789473684210526315789474
2020-05-31T00:00:00.000,Sacramento,CA,Passenger,1,0,1,263,264,0.3787878787878787878787878788
2020-05-31T00:00:00.000,San Francisco,CA,Passenger,1,1,2,92,94,2.127659574468085106382978723
2020-05-31T00:00:00.000,Santa Clara,CA,Passenger,6,2,8,302,310,2.580645161290322580645161290
2020-05-31T00:00:00.000,Shelby,TN,Passenger,0,1,1,86,87,1.149425287356321839080459770
2020-05-31T00:00:00.000,Skamania,WA,Truck,0,0,0,4028,4028,0
2020-05-31T00:00:00.000,St. Clair,IL,Passenger,1,0,1,141,142,0.7042253521126760563380281690
2020-07-31T00:00:00.000,Chelan,WA,Passenger,240,82,322,54239,54561,0.5901651362694965268231887245
2020-07-31T00:00:00.000,Clallam,WA,Passenger,237,169,406,50063,50469,0.8044542194218232974697338961
2020-07-31T00:00:00.000,Denton,TX,Passenger,1,0,1,84,85,1.176470588235294117647058824
2020-07-31T00:00:00.000,El Paso,CO,Passenger,2,0,2,710,712,0.2808988764044943820224719101
2020-07-31T00:00:00.000,Fairfax,VA,Passenger,4,3,7,742,749,0.9345794392523364485981308411
2020-10-31T00:00:00.000,Larimer,CO,Passenger,1,0,1,51,52,1.923076923076923076923076923
2020-10-31T00:00:00.000,Lincoln,WA,Passenger,5,10,15,7616,7631,0.1965666360896343860568732800
2020-10-31T00:00:00.000,Loudoun,VA,Passenger,1,0,1,80,81,1.234567901234567901234567901
2020-10-31T00:00:00.000,Montgomery,PA,Passenger,1,0,1,25,26,3.846153846153846153846153846
2020-10-31T00:00:00.000,New London,CT,Passenger,1,2,3,246,249,1.204819277108433734939759036
2020-10-31T00:00:00.000,Orange,CA,Passenger,5,3,8,461,469,1.705756929637526652452025586
2020-08-31T00:00:00.000,Montgomery,TX,Passenger,1,0,1,49,50,2.00
2020-08-31T00:00:00.000,Moore,NC,Passenger,0,2,2,155,157,1.273885350318471337579617834
2020-08-31T00:00:00.000,New London,CT,Passenger,1,2,3,248,251,1.195219123505976095617529880
2020-08-31T00:00:00.000,Okaloosa,FL,Passenger,0,1,1,140,141,0.7092198581560283687943262411
2020-08-31T00:00:00.000,Orange,CA,Passenger,6,2,8,478,486,1.646090534979423868312757202
2020-08-31T00:00:00.000,Pacific,WA,Truck,0,0,0,7725,7725,0
2020-08-31T00:00:00.000,Pend Oreille,WA,Truck,0,0,0,5750,5750,0
2020-08-31T00:00:00.000,Pima,AZ,Passenger,3,1,4,333,337,1.186943620178041543026706231
2020-08-31T00:00:00.000,Placer,CA,Passenger,1,0,1,80,81,1.234567901234567901234567901
2020-08-31T00:00:00.000,Ramsey,MN,Passenger,1,0,1,39,40,2.500
2020-08-31T00:00:00.000,Riverside,CA,Passenger,3,0,3,609,612,0.4901960784313725490196078431
2020-08-31T00:00:00.000,Saginaw,MI,Passenger,1,0,1,9,10,10.0
2020-08-31T00:00:00.000,San Juan,WA,Truck,0,0,0,5836,5836,0
2020-06-30T00:00:00.000,Jefferson,CO,Passenger,0,1,1,62,63,1.587301587301587301587301587
2020-06-30T00:00:00.000,Jones,GA,Passenger,1,0,1,1,2,50.0
2020-06-30T00:00:00.000,Kern,CA,Passenger,0,1,1,225,226,0.4424778761061946902654867257
2020-06-30T00:00:00.000,Kitsap,WA,Truck,0,0,0,54080,54080,0
2020-06-30T00:00:00.000,Kittitas,WA,Truck,0,0,0,14588,14588,0
2020-06-30T00:00:00.000,Lewis,WA,Passenger,102,111,213,58179,58392,0.3647759967118783394985614468
2020-07-31T00:00:00.000,Grant,WA,Truck,0,0,0,27180,27180,0
2020-07-31T00:00:00.000,Juneau,AK,Passenger,0,1,1,29,30,3.333333333333333333333333333
2020-07-31T00:00:00.000,King,WA,Truck,7,1,8,182978,182986,0.004371919163214672160711748440
2020-07-31T00:00:00.000,Lee,FL,Passenger,1,0,1,45,46,2.173913043478260869565217391
2020-08-31T00:00:00.000,Jefferson,WA,Passenger,249,144,393,24655,25048,1.568987543915681890769722134
2020-08-31T00:00:00.000,King,WA,Truck,5,1,6,183339,183345,0.003272519021516812566473042625
2020-08-31T00:00:00.000,Lake,FL,Passenger,1,0,1,22,23,4.347826086956521739130434783
2020-08-31T00:00:00.000,Lincoln,WA,Passenger,5,11,16,7632,7648,0.2092050209205020920502092050
2020-07-31T00:00:00.000,New Haven,CT,Passenger,0,2,2,36,38,5.263157894736842105263157895
2020-07-31T00:00:00.000,Oldham,KY,Passenger,0,1,1,4,5,20.0
2020-07-31T00:00:00.000,Owyhee,ID,Passenger,1,0,1,3,4,25.00
2020-07-31T00:00:00.000,RÃ­o Grande,PR,Passenger,1,0,1,1,2,50.0
2020-06-30T00:00:00.000,San Juan,WA,Passenger,302,93,395,13968,14363,2.750121840841049919933161596
2020-06-30T00:00:00.000,Santa Clara,CA,Passenger,6,2,8,297,305,2.622950819672131147540983607
2020-06-30T00:00:00.000,Sedgwick,KS,Passenger,1,1,2,89,91,2.197802197802197802197802198
2020-06-30T00:00:00.000,Snohomish,WA,Truck,0,0,0,123946,123946,0
2020-06-30T00:00:00.000,Solano,CA,Passenger,1,0,1,216,217,0.4608294930875576036866359447
2020-06-30T00:00:00.000,Spokane,WA,Truck,1,0,1,98342,98343,0.001016849191096468482759321965
2020-06-30T00:00:00.000,Thurston,WA,Passenger,1145,735,1880,196942,198822,0.9455694037883131645391355081
2020-06-30T00:00:00.000,Washtenaw,MI,Passenger,1,0,1,32,33,3.030303030303030303030303030
2020-08-31T00:00:00.000,New York,NY,Passenger,1,0,1,59,60,1.666666666666666666666666667
2020-08-31T00:00:00.000,Pierce,WA,Passenger,2521,1704,4225,552635,556860,0.7587185288941565204898897389
2020-08-31T00:00:00.000,Pierce,WA,Truck,0,0,0,143420,143420,0
2020-08-31T00:00:00.000,Pinellas,FL,Passenger,1,1,2,102,104,1.923076923076923076923076923
2020-08-31T00:00:00.000,Polk,FL,Passenger,1,0,1,62,63,1.587301587301587301587301587
2020-08-31T00:00:00.000,Portsmouth,VA,Passenger,0,1,1,75,76,1.315789473684210526315789474
2020-08-31T00:00:00.000,Prince George's,MD,Passenger,2,1,3,152,155,1.935483870967741935483870968
2020-08-31T00:00:00.000,Randolph,NC,Passenger,1,0,1,8,9,11.11111111111111111111111111
2020-08-31T00:00:00.000,San Mateo,CA,Passenger,0,1,1,103,104,0.9615384615384615384615384615
2020-08-31T00:00:00.000,Shelby,OH,Passenger,0,1,1,1,2,50.0
2020-08-31T00:00:00.000,Skagit,WA,Passenger,432,222,654,91263,91917,0.7115114723065374196285779562
2020-08-31T00:00:00.000,Skagit,WA,Truck,1,0,1,32637,32638,0.003063913229977327042098167780
2020-08-31T00:00:00.000,Spokane,WA,Passenger,781,504,1285,317546,318831,0.4030348366375917021870520746
2020-05-31T00:00:00.000,Travis,TX,Passenger,2,1,3,176,179,1.675977653631284916201117318
2020-05-31T00:00:00.000,Walla Walla,WA,Passenger,70,62,132,35828,35960,0.3670745272525027808676307008
2020-05-31T00:00:00.000,Walla Walla,WA,Truck,0,0,0,13669,13669,0
2020-05-31T00:00:00.000,Whitman,WA,Passenger,45,48,93,22177,22270,0.4176021553659631791647956893
2020-05-31T00:00:00.000,Yakima,WA,Truck,0,0,0,59579,59579,0
2020-06-30T00:00:00.000,,,Passenger,5,1,6,361,367,1.634877384196185286103542234
2020-06-30T00:00:00.000,Brevard,FL,Passenger,0,1,1,82,83,1.204819277108433734939759036
2020-08-31T00:00:00.000,Stafford,VA,Passenger,1,1,2,88,90,2.222222222222222222222222222
2020-08-31T00:00:00.000,Suffolk,VA,Passenger,1,0,1,120,121,0.8264462809917355371900826446
2020-08-31T00:00:00.000,Valencia,NM,Passenger,1,0,1,6,7,14.28571428571428571428571429
2020-08-31T00:00:00.000,Ventura,CA,Passenger,1,2,3,286,289,1.038062283737024221453287197
2020-08-31T00:00:00.000,Yakima,WA,Passenger,146,122,268,166150,166418,0.1610402720859522407431888377
2020-09-30T00:00:00.000,Adams,WA,Passenger,8,7,15,12918,12933,0.1159823706796566921827882162
2020-09-30T00:00:00.000,Arapahoe,CO,Passenger,1,0,1,127,128,0.7812500
2020-09-30T00:00:00.000,Arlington,VA,Passenger,0,2,2,144,146,1.369863013698630136986301370
2020-07-31T00:00:00.000,Alexandria,VA,Passenger,2,0,2,138,140,1.428571428571428571428571429
2020-07-31T00:00:00.000,Collin,TX,Passenger,1,1,2,118,120,1.666666666666666666666666667
2020-06-30T00:00:00.000,Montgomery,TX,Passenger,1,0,1,50,51,1.960784313725490196078431373
2020-06-30T00:00:00.000,New London,CT,Passenger,1,2,3,254,257,1.167315175097276264591439689
2020-06-30T00:00:00.000,Nueces,TX,Passenger,1,0,1,79,80,1.2500
2020-06-30T00:00:00.000,Owyhee,ID,Passenger,1,0,1,3,4,25.00
2020-06-30T00:00:00.000,Portsmouth,VA,Passenger,0,1,1,77,78,1.282051282051282051282051282
2020-06-30T00:00:00.000,Richland,SC,Passenger,0,1,1,161,162,0.6172839506172839506172839506
2020-06-30T00:00:00.000,Saginaw,MI,Passenger,1,0,1,10,11,9.090909090909090909090909091
2020-06-30T00:00:00.000,San Juan,WA,Truck,0,0,0,5852,5852,0
2020-08-31T00:00:00.000,Montgomery,PA,Passenger,1,0,1,27,28,3.571428571428571428571428571
2020-08-31T00:00:00.000,Owyhee,ID,Passenger,1,0,1,3,4,25.00
2020-08-31T00:00:00.000,Pacific,WA,Passenger,32,33,65,15711,15776,0.4120182555780933062880324544
2020-08-31T00:00:00.000,Palm Beach,FL,Passenger,0,1,1,74,75,1.333333333333333333333333333
2020-08-31T00:00:00.000,Penobscot,ME,Passenger,0,1,1,14,15,6.666666666666666666666666667
2020-08-31T00:00:00.000,Pinal,AZ,Passenger,1,0,1,176,177,0.5649717514124293785310734463
2020-08-31T00:00:00.000,Prince William,VA,Passenger,2,2,4,224,228,1.754385964912280701754385965
2020-08-31T00:00:00.000,Queens,NY,Passenger,1,0,1,49,50,2.00
2020-08-31T00:00:00.000,Rockingham,NH,Passenger,1,0,1,23,24,4.166666666666666666666666667
2020-08-31T00:00:00.000,Rogers,OK,Passenger,1,0,1,5,6,16.66666666666666666666666667
2020-10-31T00:00:00.000,Riverside,CA,Passenger,4,1,5,601,606,0.8250825082508250825082508251
2020-10-31T00:00:00.000,Sacramento,CA,Passenger,1,0,1,241,242,0.4132231404958677685950413223
2020-10-31T00:00:00.000,Salt Lake,UT,Passenger,0,2,2,170,172,1.162790697674418604651162791
2020-10-31T00:00:00.000,San Juan,WA,Passenger,340,103,443,13971,14414,3.073400860274732898570833911
2020-10-31T00:00:00.000,San Juan,WA,Truck,0,0,0,5862,5862,0
2020-10-31T00:00:00.000,Santa Clara,CA,Passenger,4,2,6,268,274,2.189781021897810218978102190
2020-10-31T00:00:00.000,Solano,CA,Passenger,1,0,1,211,212,0.4716981132075471698113207547
2020-10-31T00:00:00.000,Stafford,VA,Passenger,1,1,2,91,93,2.150537634408602150537634409
2020-10-31T00:00:00.000,Suffolk,VA,Passenger,1,0,1,121,122,0.8196721311475409836065573770
2020-10-31T00:00:00.000,Sumter,FL,Passenger,0,1,1,10,11,9.090909090909090909090909091
2020-10-31T00:00:00.000,Thurston,WA,Truck,0,0,0,56322,56322,0
2020-10-31T00:00:00.000,Travis,TX,Passenger,2,1,3,164,167,1.796407185628742514970059880
2020-07-31T00:00:00.000,Cowlitz,WA,Passenger,146,117,263,72243,72506,0.3627286017708879265164262268
2020-07-31T00:00:00.000,Dallas,TX,Passenger,1,0,1,189,190,0.5263157894736842105263157895
2020-07-31T00:00:00.000,Flathead,MT,Passenger,1,0,1,54,55,1.818181818181818181818181818
2020-07-31T00:00:00.000,Fort Bend,TX,Passenger,1,0,1,46,47,2.127659574468085106382978723
2020-07-31T00:00:00.000,Hamilton,IN,Passenger,1,0,1,40,41,2.439024390243902439024390244
2020-07-31T00:00:00.000,Harris,TX,Passenger,1,0,1,219,220,0.4545454545454545454545454545
2020-08-31T00:00:00.000,St. Louis,MO,Passenger,1,0,1,97,98,1.020408163265306122448979592
2020-08-31T00:00:00.000,Stevens,WA,Truck,0,0,0,18653,18653,0
2020-08-31T00:00:00.000,Utah,UT,Passenger,0,1,1,126,127,0.7874015748031496062992125984
2020-08-31T00:00:00.000,Whitman,WA,Truck,0,0,0,8483,8483,0
2020-08-31T00:00:00.000,Williamson,TX,Passenger,0,1,1,124,125,0.800
2020-09-30T00:00:00.000,Allegheny,PA,Passenger,1,0,1,65,66,1.515151515151515151515151515
2020-09-30T00:00:00.000,Bartow,GA,Passenger,0,1,1,2,3,33.33333333333333333333333333
2020-09-30T00:00:00.000,Bradley,TN,Passenger,1,0,1,1,2,50.0
2020-09-30T00:00:00.000,Bucks,PA,Passenger,1,0,1,19,20,5.00
2020-09-30T00:00:00.000,Cape May,NJ,Passenger,0,1,1,11,12,8.333333333333333333333333333
2020-09-30T00:00:00.000,Charleston,SC,Passenger,2,0,2,93,95,2.105263157894736842105263158
2020-09-30T00:00:00.000,Clallam,WA,Passenger,245,173,418,49893,50311,0.8308322235693983423108266582
2020-09-30T00:00:00.000,Clark,WA,Passenger,2174,1096,3270,318462,321732,1.016373876394017380925739435
2020-09-30T00:00:00.000,DeKalb,GA,Passenger,1,0,1,75,76,1.315789473684210526315789474
2020-06-30T00:00:00.000,Camden,NJ,Passenger,0,1,1,21,22,4.545454545454545454545454545
2020-06-30T00:00:00.000,Clark,NV,Passenger,2,3,5,677,682,0.7331378299120234604105571848
2020-06-30T00:00:00.000,Collin,TX,Passenger,1,1,2,117,119,1.680672268907563025210084034
2020-06-30T00:00:00.000,Columbia,WA,Truck,0,0,0,1533,1533,0
2020-06-30T00:00:00.000,Denver,CO,Passenger,1,0,1,115,116,0.8620689655172413793103448276
2020-06-30T00:00:00.000,Deschutes,OR,Passenger,3,0,3,130,133,2.255639097744360902255639098
2020-06-30T00:00:00.000,Douglas,WA,Truck,0,0,0,12307,12307,0
2020-06-30T00:00:00.000,Duval,FL,Passenger,0,2,2,361,363,0.5509641873278236914600550964
2020-08-31T00:00:00.000,Spokane,WA,Truck,1,0,1,99459,99460,0.001005429318318922179770762115
2020-08-31T00:00:00.000,Stevens,WA,Passenger,35,36,71,30495,30566,0.2322842373879473925276450959
2020-08-31T00:00:00.000,Whatcom,WA,Truck,3,0,3,43284,43287,0.006930487213251091551736087047
2020-09-30T00:00:00.000,Adams,WA,Truck,0,0,0,5308,5308,0
2020-09-30T00:00:00.000,Alameda,CA,Passenger,2,0,2,262,264,0.7575757575757575757575757576
2020-09-30T00:00:00.000,Asotin,WA,Truck,0,0,0,6692,6692,0
2020-06-30T00:00:00.000,Snohomish,WA,Passenger,4435,1767,6202,534579,540781,1.146859819409335756988503664
2020-06-30T00:00:00.000,Spokane,WA,Passenger,730,486,1216,315509,316725,0.3839292761859657431525771568
2020-06-30T00:00:00.000,St. Louis,MO,Passenger,1,0,1,97,98,1.020408163265306122448979592
2020-06-30T00:00:00.000,Stafford,VA,Passenger,1,1,2,89,91,2.197802197802197802197802198
2020-06-30T00:00:00.000,Suffolk,VA,Passenger,1,0,1,122,123,0.8130081300813008130081300813
2020-06-30T00:00:00.000,Valencia,NM,Passenger,1,0,1,5,6,16.66666666666666666666666667
2020-06-30T00:00:00.000,Ventura,CA,Passenger,1,2,3,287,290,1.034482758620689655172413793
2020-06-30T00:00:00.000,Whitman,WA,Truck,0,0,0,8511,8511,0
2020-06-30T00:00:00.000,Williamson,TX,Passenger,0,1,1,133,134,0.7462686567164179104477611940
2020-07-31T00:00:00.000,Shelby,OH,Passenger,0,1,1,1,2,50.0
2020-07-31T00:00:00.000,Skamania,WA,Passenger,31,19,50,8430,8480,0.5896226415094339622641509434
2020-07-31T00:00:00.000,Spokane,WA,Passenger,753,490,1243,316493,317736,0.3912052773371604099000428028
2020-07-31T00:00:00.000,St. Clair,IL,Passenger,1,0,1,140,141,0.7092198581560283687943262411
2020-07-31T00:00:00.000,St. Louis,MO,Passenger,1,0,1,98,99,1.010101010101010101010101010
2020-07-31T00:00:00.000,Walla Walla,WA,Passenger,77,65,142,35912,36054,0.3938536639485216619515171687
2020-07-31T00:00:00.000,Yakima,WA,Truck,0,0,0,60209,60209,0
2020-08-31T00:00:00.000,Adams,WA,Truck,0,0,0,5302,5302,0
2020-08-31T00:00:00.000,Alameda,CA,Passenger,2,0,2,265,267,0.7490636704119850187265917603
2020-08-31T00:00:00.000,Anne Arundel,MD,Passenger,0,1,1,394,395,0.2531645569620253164556962025
2020-10-31T00:00:00.000,Ventura,CA,Passenger,1,1,2,279,281,0.7117437722419928825622775801
2020-10-31T00:00:00.000,Whitman,WA,Passenger,50,46,96,21987,22083,0.4347235429968754245347099579
2020-11-30T00:00:00.000,,,Passenger,4,1,5,341,346,1.445086705202312138728323699
2020-11-30T00:00:00.000,Bartow,GA,Passenger,0,1,1,2,3,33.33333333333333333333333333
2020-11-30T00:00:00.000,Bell,TX,Passenger,0,1,1,397,398,0.2512562814070351758793969849
2020-11-30T00:00:00.000,Boulder,CO,Passenger,0,1,1,43,44,2.272727272727272727272727273
2020-11-30T00:00:00.000,Bucks,PA,Passenger,1,0,1,18,19,5.263157894736842105263157895
2020-09-30T00:00:00.000,Anne Arundel,MD,Passenger,1,1,2,394,396,0.5050505050505050505050505051
2020-09-30T00:00:00.000,Bell,TX,Passenger,0,1,1,405,406,0.2463054187192118226600985222
2020-09-30T00:00:00.000,Benton,WA,Truck,0,0,0,43091,43091,0
2020-09-30T00:00:00.000,Carson City,NV,Passenger,1,0,1,11,12,8.333333333333333333333333333
2020-09-30T00:00:00.000,Clackamas,OR,Passenger,2,0,2,181,183,1.092896174863387978142076503
2020-09-30T00:00:00.000,Cumberland,NC,Passenger,0,3,3,459,462,0.6493506493506493506493506494
2020-06-30T00:00:00.000,Gwinnett,GA,Passenger,1,0,1,76,77,1.298701298701298701298701299
2020-06-30T00:00:00.000,Jefferson,WA,Passenger,236,139,375,24800,25175,1.489572989076464746772591857
2020-06-30T00:00:00.000,Lake,FL,Passenger,1,0,1,22,23,4.347826086956521739130434783
2020-07-31T00:00:00.000,Island,WA,Passenger,429,272,701,62883,63584,1.102478610971313537996980372
2020-07-31T00:00:00.000,Jefferson,WA,Truck,0,0,0,9545,9545,0
2020-07-31T00:00:00.000,Jones,GA,Passenger,1,0,1,1,2,50.0
2020-07-31T00:00:00.000,Mason,WA,Passenger,160,134,294,47385,47679,0.6166236707984647329012772919
2020-08-31T00:00:00.000,Carroll,NH,Passenger,0,1,1,5,6,16.66666666666666666666666667
2020-08-31T00:00:00.000,Charles,MD,Passenger,1,1,2,75,77,2.597402597402597402597402597
2020-08-31T00:00:00.000,Clark,WA,Truck,0,0,0,82710,82710,0
2020-08-31T00:00:00.000,Clay,FL,Passenger,0,1,1,81,82,1.219512195121951219512195122
2020-08-31T00:00:00.000,Denton,TX,Passenger,1,0,1,85,86,1.162790697674418604651162791
2020-08-31T00:00:00.000,Douglas,NE,Passenger,0,1,1,51,52,1.923076923076923076923076923
2020-08-31T00:00:00.000,DuPage,IL,Passenger,3,0,3,55,58,5.172413793103448275862068966
2020-09-30T00:00:00.000,District of Columbia,DC,Passenger,2,1,3,189,192,1.562500
2020-09-30T00:00:00.000,Fairfax,VA,Passenger,4,3,7,738,745,0.9395973154362416107382550336
2020-09-30T00:00:00.000,Ferry,WA,Passenger,8,3,11,4305,4316,0.2548656163113994439295644115
2020-09-30T00:00:00.000,Fresno,CA,Passenger,1,0,1,177,178,0.5617977528089887640449438202
2020-09-30T00:00:00.000,Grant,WA,Truck,0,0,0,27306,27306,0
2020-09-30T00:00:00.000,Howard,IN,Passenger,0,1,1,3,4,25.00
2020-09-30T00:00:00.000,Howard,MD,Passenger,0,1,1,63,64,1.562500
2020-09-30T00:00:00.000,Carroll,MD,Passenger,0,1,1,22,23,4.347826086956521739130434783
2020-09-30T00:00:00.000,Charles,MD,Passenger,1,1,2,75,77,2.597402597402597402597402597
2020-09-30T00:00:00.000,Clallam,WA,Truck,1,0,1,21776,21777,0.004592000734720117555218808835
2020-09-30T00:00:00.000,DuPage,IL,Passenger,3,0,3,53,56,5.357142857142857142857142857
2020-09-30T00:00:00.000,Erie,NY,Passenger,1,0,1,44,45,2.222222222222222222222222222
2020-09-30T00:00:00.000,Franklin,WA,Truck,0,0,0,20291,20291,0
2020-09-30T00:00:00.000,Garfield,WA,Passenger,0,1,1,1351,1352,0.07396449704142011834319526627
2020-08-31T00:00:00.000,Erie,NY,Passenger,1,0,1,43,44,2.272727272727272727272727273
2020-08-31T00:00:00.000,Greene,MO,Passenger,0,1,1,32,33,3.030303030303030303030303030
2020-08-31T00:00:00.000,Jefferson,CO,Passenger,0,1,1,59,60,1.666666666666666666666666667
2020-08-31T00:00:00.000,Kitsap,WA,Truck,0,0,0,54189,54189,0
2020-07-31T00:00:00.000,Allegheny,PA,Passenger,1,0,1,69,70,1.428571428571428571428571429
2020-07-31T00:00:00.000,Benton,WA,Passenger,373,321,694,134329,135023,0.5139865060026810247143079327
2020-07-31T00:00:00.000,Brevard,FL,Passenger,0,1,1,84,85,1.176470588235294117647058824
2020-07-31T00:00:00.000,Carroll,NH,Passenger,0,1,1,4,5,20.0
2020-07-31T00:00:00.000,Carson City,NV,Passenger,1,0,1,11,12,8.333333333333333333333333333
2020-07-31T00:00:00.000,Cascade,MT,Passenger,0,1,1,56,57,1.754385964912280701754385965
2020-07-31T00:00:00.000,Columbia,WA,Passenger,4,3,7,2418,2425,0.2886597938144329896907216495
2020-07-31T00:00:00.000,Cowlitz,WA,Truck,0,0,0,28883,28883,0
2020-07-31T00:00:00.000,Cumberland,NC,Passenger,0,3,3,464,467,0.6423982869379014989293361884
2020-07-31T00:00:00.000,Dakota,MN,Passenger,0,1,1,31,32,3.12500
2020-11-30T00:00:00.000,Cape May,NJ,Passenger,0,1,1,10,11,9.090909090909090909090909091
2020-11-30T00:00:00.000,Clackamas,OR,Passenger,2,0,2,178,180,1.111111111111111111111111111
2020-11-30T00:00:00.000,Clark,NV,Passenger,3,3,6,652,658,0.9118541033434650455927051672
2020-11-30T00:00:00.000,Contra Costa,CA,Passenger,4,2,6,302,308,1.948051948051948051948051948
2020-11-30T00:00:00.000,Denton,TX,Passenger,1,0,1,81,82,1.219512195121951219512195122
2020-11-30T00:00:00.000,Deschutes,OR,Passenger,1,0,1,119,120,0.8333333333333333333333333333
2020-11-30T00:00:00.000,Douglas,WA,Passenger,82,43,125,28135,28260,0.4423213021939136588818117481
2020-11-30T00:00:00.000,Duval,FL,Passenger,0,2,2,356,358,0.5586592178770949720670391061
2020-11-30T00:00:00.000,Ferry,WA,Truck,0,0,0,3597,3597,0
2020-06-30T00:00:00.000,Okaloosa,FL,Passenger,0,1,1,136,137,0.7299270072992700729927007299
2020-06-30T00:00:00.000,Pacific,WA,Passenger,33,33,66,15757,15823,0.4171143272451494659672628452
2020-06-30T00:00:00.000,Pacific,WA,Truck,0,0,0,7700,7700,0
2020-06-30T00:00:00.000,Palm Beach,FL,Passenger,0,1,1,74,75,1.333333333333333333333333333
2020-06-30T00:00:00.000,Pinal,AZ,Passenger,1,0,1,179,180,0.5555555555555555555555555556
2020-06-30T00:00:00.000,Powhatan,VA,Passenger,1,0,1,0,1,100
2020-06-30T00:00:00.000,Prince William,VA,Passenger,2,3,5,222,227,2.202643171806167400881057269
2020-06-30T00:00:00.000,Richmond,GA,Passenger,0,1,1,89,90,1.111111111111111111111111111
2020-06-30T00:00:00.000,Rockingham,NH,Passenger,1,0,1,24,25,4.00
2020-06-30T00:00:00.000,Rogers,OK,Passenger,1,0,1,6,7,14.28571428571428571428571429
2020-09-30T00:00:00.000,Kitsap,WA,Passenger,1427,713,2140,179693,181833,1.176904082317291140772027080
2020-09-30T00:00:00.000,Klickitat,WA,Truck,0,0,0,8105,8105,0
2020-09-30T00:00:00.000,Larimer,CO,Passenger,1,0,1,52,53,1.886792452830188679245283019
2020-09-30T00:00:00.000,Leavenworth,KS,Passenger,0,1,1,131,132,0.7575757575757575757575757576
2020-09-30T00:00:00.000,Monroe,IL,Passenger,1,0,1,3,4,25.00
2020-09-30T00:00:00.000,Montgomery,OH,Passenger,0,1,1,46,47,2.127659574468085106382978723
2020-09-30T00:00:00.000,Moore,NC,Passenger,0,1,1,157,158,0.6329113924050632911392405063
2020-07-31T00:00:00.000,Montgomery,TX,Passenger,1,0,1,50,51,1.960784313725490196078431373
2020-07-31T00:00:00.000,Multnomah,OR,Passenger,4,7,11,694,705,1.560283687943262411347517730
2020-07-31T00:00:00.000,Newport,RI,Passenger,1,0,1,81,82,1.219512195121951219512195122
2020-07-31T00:00:00.000,Pacific,WA,Truck,0,0,0,7715,7715,0
2020-07-31T00:00:00.000,Pend Oreille,WA,Truck,0,0,0,5765,5765,0
2020-07-31T00:00:00.000,Pierce,WA,Passenger,2469,1697,4166,551597,555763,0.7496000993229128243513871920
2020-07-31T00:00:00.000,Placer,CA,Passenger,1,0,1,81,82,1.219512195121951219512195122
2020-07-31T00:00:00.000,Portsmouth,VA,Passenger,0,1,1,75,76,1.315789473684210526315789474
2020-07-31T00:00:00.000,Ramsey,MN,Passenger,1,0,1,40,41,2.439024390243902439024390244
2020-07-31T00:00:00.000,Saginaw,MI,Passenger,1,0,1,10,11,9.090909090909090909090909091
2020-07-31T00:00:00.000,San Francisco,CA,Passenger,2,1,3,87,90,3.333333333333333333333333333
2020-09-30T00:00:00.000,Douglas,NE,Passenger,0,1,1,50,51,1.960784313725490196078431373
2020-09-30T00:00:00.000,Ferry,WA,Truck,0,0,0,3580,3580,0
2020-09-30T00:00:00.000,Franklin,WA,Passenger,68,76,144,60931,61075,0.2357756856324191567744576341
2020-09-30T00:00:00.000,Goochland,VA,Passenger,3,2,5,235,240,2.083333333333333333333333333
2020-09-30T00:00:00.000,Grays Harbor,WA,Passenger,115,116,231,48481,48712,0.4742157989817704056495319428
2020-09-30T00:00:00.000,Greene,MO,Passenger,0,1,1,31,32,3.12500
2020-09-30T00:00:00.000,Hamilton,IN,Passenger,1,0,1,37,38,2.631578947368421052631578947
2020-09-30T00:00:00.000,Harris,TX,Passenger,1,0,1,221,222,0.4504504504504504504504504505
2020-09-30T00:00:00.000,Honolulu,HI,Passenger,5,1,6,427,433,1.385681293302540415704387991
2020-09-30T00:00:00.000,Jefferson,CO,Passenger,0,1,1,58,59,1.694915254237288135593220339
2020-09-30T00:00:00.000,Jones,GA,Passenger,1,0,1,1,2,50.0
2020-09-30T00:00:00.000,Kern,CA,Passenger,0,1,1,223,224,0.4464285714285714285714285714
2020-09-30T00:00:00.000,Kitsap,WA,Truck,0,0,0,54203,54203,0
2020-09-30T00:00:00.000,Lake,IL,Passenger,1,0,1,169,170,0.5882352941176470588235294118
2020-09-30T00:00:00.000,Lewis,WA,Passenger,111,117,228,58310,58538,0.3894905873108066555058252759
2020-09-30T00:00:00.000,Loudoun,VA,Passenger,1,0,1,82,83,1.204819277108433734939759036
2020-08-31T00:00:00.000,Lee,FL,Passenger,1,0,1,43,44,2.272727272727272727272727273
2020-08-31T00:00:00.000,Loudoun,VA,Passenger,1,0,1,82,83,1.204819277108433734939759036
2020-08-31T00:00:00.000,Pend Oreille,WA,Passenger,8,5,13,9229,9242,0.1406621943302315516122051504
2020-08-31T00:00:00.000,RÃ­o Grande,PR,Passenger,1,0,1,1,2,50.0
2020-06-30T00:00:00.000,Stevens,WA,Truck,0,0,0,18645,18645,0
2020-06-30T00:00:00.000,Suffolk,MA,Passenger,0,2,2,35,37,5.405405405405405405405405405
2020-06-30T00:00:00.000,Utah,UT,Passenger,0,1,1,127,128,0.7812500
2020-11-30T00:00:00.000,Grant,WA,Truck,0,0,0,27424,27424,0
2020-11-30T00:00:00.000,Hennepin,MN,Passenger,2,0,2,81,83,2.409638554216867469879518072
2020-11-30T00:00:00.000,Howard,IN,Passenger,0,1,1,3,4,25.00
2020-11-30T00:00:00.000,Kittitas,WA,Passenger,125,53,178,29746,29924,0.5948402619970592166822617297
2020-09-30T00:00:00.000,Manassas,VA,Passenger,0,1,1,4,5,20.0
2020-09-30T00:00:00.000,Montgomery,TX,Passenger,1,0,1,47,48,2.083333333333333333333333333
2020-09-30T00:00:00.000,New London,CT,Passenger,1,2,3,246,249,1.204819277108433734939759036
2020-09-30T00:00:00.000,Nueces,TX,Passenger,1,0,1,83,84,1.190476190476190476190476190
2020-07-31T00:00:00.000,Douglas,NE,Passenger,0,1,1,52,53,1.886792452830188679245283019
2020-07-31T00:00:00.000,Fairbanks North Star,AK,Passenger,0,1,1,99,100,1.00
2020-07-31T00:00:00.000,Fulton,GA,Passenger,1,2,3,98,101,2.970297029702970297029702970
2020-07-31T00:00:00.000,Grant,WA,Passenger,61,75,136,65289,65425,0.2078716087122659533817348109
2020-07-31T00:00:00.000,Grays Harbor,WA,Passenger,109,112,221,48285,48506,0.4556137385065765059992578238
2020-07-31T00:00:00.000,Island,WA,Truck,1,0,1,21239,21240,0.004708097928436911487758945386
2020-07-31T00:00:00.000,Jefferson,NY,Passenger,0,1,1,209,210,0.4761904761904761904761904762
2020-09-30T00:00:00.000,Nassau,FL,Passenger,1,0,1,34,35,2.857142857142857142857142857
2020-09-30T00:00:00.000,Oldham,KY,Passenger,0,1,1,4,5,20.0
2020-09-30T00:00:00.000,Orange,CA,Passenger,5,3,8,466,474,1.687763713080168776371308017
2020-09-30T00:00:00.000,Pima,AZ,Passenger,3,1,4,331,335,1.194029850746268656716417910
2020-09-30T00:00:00.000,Polk,FL,Passenger,1,0,1,61,62,1.612903225806451612903225806
2020-09-30T00:00:00.000,Riverside,CA,Passenger,3,0,3,607,610,0.4918032786885245901639344262
2020-09-30T00:00:00.000,Sacramento,CA,Passenger,1,0,1,249,250,0.400
2020-09-30T00:00:00.000,San Mateo,CA,Passenger,0,1,1,103,104,0.9615384615384615384615384615
2020-09-30T00:00:00.000,Sarasota,FL,Passenger,2,0,2,24,26,7.692307692307692307692307692
2020-09-30T00:00:00.000,Shelby,OH,Passenger,0,1,1,1,2,50.0
2020-11-30T00:00:00.000,Larimer,CO,Passenger,1,0,1,53,54,1.851851851851851851851851852
2020-11-30T00:00:00.000,Maui,HI,Passenger,1,0,1,28,29,3.448275862068965517241379310
2020-11-30T00:00:00.000,Missoula,MT,Passenger,1,0,1,59,60,1.666666666666666666666666667
2020-11-30T00:00:00.000,Oldham,KY,Passenger,0,1,1,4,5,20.0
2020-08-31T00:00:00.000,Richland,SC,Passenger,0,1,1,153,154,0.6493506493506493506493506494
2020-08-31T00:00:00.000,Salt Lake,UT,Passenger,0,2,2,178,180,1.111111111111111111111111111
2020-08-31T00:00:00.000,Skamania,WA,Passenger,31,21,52,8378,8430,0.6168446026097271648873072361
2020-08-31T00:00:00.000,Solano,CA,Passenger,1,0,1,213,214,0.4672897196261682242990654206
2020-08-31T00:00:00.000,Tulsa,OK,Passenger,1,1,2,41,43,4.651162790697674418604651163
2020-07-31T00:00:00.000,Ada,ID,Passenger,0,1,1,256,257,0.3891050583657587548638132296
2020-07-31T00:00:00.000,Bartow,GA,Passenger,0,1,1,2,3,33.33333333333333333333333333
2020-07-31T00:00:00.000,Bexar,TX,Passenger,4,5,9,591,600,1.500
2020-07-31T00:00:00.000,Chesapeake,VA,Passenger,0,2,2,419,421,0.4750593824228028503562945368
2020-09-30T00:00:00.000,Jefferson,WA,Truck,0,0,0,9544,9544,0
2020-09-30T00:00:00.000,Klamath,OR,Passenger,1,0,1,29,30,3.333333333333333333333333333
2020-09-30T00:00:00.000,Lewis,WA,Truck,0,0,0,26450,26450,0
2020-09-30T00:00:00.000,Los Angeles,CA,Passenger,9,11,20,974,994,2.012072434607645875251509054
2020-09-30T00:00:00.000,Maricopa,AZ,Passenger,5,7,12,1312,1324,0.9063444108761329305135951662
2020-09-30T00:00:00.000,Mason,WA,Passenger,162,131,293,47471,47764,0.6134327108282388409680931245
2020-07-31T00:00:00.000,Skagit,WA,Passenger,423,223,646,91318,91964,0.7024487843069027010569353225
2020-07-31T00:00:00.000,Skamania,WA,Truck,0,0,0,4032,4032,0
2020-07-31T00:00:00.000,St. Mary's,MD,Passenger,1,0,1,214,215,0.4651162790697674418604651163
2020-07-31T00:00:00.000,Valencia,NM,Passenger,1,0,1,6,7,14.28571428571428571428571429
2020-07-31T00:00:00.000,Washington,OR,Passenger,1,0,1,419,420,0.2380952380952380952380952381
2020-07-31T00:00:00.000,Yakima,WA,Passenger,139,119,258,165795,166053,0.1553720799985546783255948402
2020-08-31T00:00:00.000,,,Passenger,5,1,6,347,353,1.699716713881019830028328612
2020-07-31T00:00:00.000,DeKalb,GA,Passenger,1,0,1,74,75,1.333333333333333333333333333
2020-07-31T00:00:00.000,Ferry,WA,Passenger,7,3,10,4330,4340,0.2304147465437788018433179724
2020-07-31T00:00:00.000,Garfield,WA,Truck,0,0,0,988,988,0
2020-07-31T00:00:00.000,Guadalupe,TX,Passenger,1,0,1,59,60,1.666666666666666666666666667
2020-07-31T00:00:00.000,Hennepin,MN,Passenger,3,0,3,87,90,3.333333333333333333333333333
2020-07-31T00:00:00.000,Houston,GA,Passenger,1,0,1,53,54,1.851851851851851851851851852
2020-08-31T00:00:00.000,Whatcom,WA,Passenger,1112,513,1625,149230,150855,1.077193331344668721620098770
2020-09-30T00:00:00.000,Alexandria,VA,Passenger,2,0,2,135,137,1.459854014598540145985401460
2020-09-30T00:00:00.000,Chelan,WA,Truck,0,0,0,22728,22728,0
2020-09-30T00:00:00.000,Richland,SC,Passenger,0,1,1,150,151,0.6622516556291390728476821192
2020-09-30T00:00:00.000,Saginaw,MI,Passenger,1,0,1,9,10,10.0
2020-09-30T00:00:00.000,Salt Lake,UT,Passenger,0,2,2,171,173,1.156069364161849710982658960
2020-09-30T00:00:00.000,San Juan,WA,Truck,0,0,0,5846,5846,0
2020-09-30T00:00:00.000,Snohomish,WA,Passenger,4695,1810,6505,537268,543773,1.196271238182109078604491212
2020-09-30T00:00:00.000,Tulsa,OK,Passenger,1,1,2,39,41,4.878048780487804878048780488
2020-09-30T00:00:00.000,Wahkiakum,WA,Passenger,6,6,12,3016,3028,0.3963011889035667107001321004
2020-09-30T00:00:00.000,Stafford,VA,Passenger,1,1,2,90,92,2.173913043478260869565217391
2020-09-30T00:00:00.000,Stevens,WA,Passenger,35,38,73,30419,30492,0.2394070575888757706939525121
2020-09-30T00:00:00.000,Sumter,FL,Passenger,0,1,1,11,12,8.333333333333333333333333333
2020-09-30T00:00:00.000,Thurston,WA,Truck,0,0,0,56149,56149,0
2020-09-30T00:00:00.000,Travis,TX,Passenger,2,1,3,165,168,1.785714285714285714285714286
2020-09-30T00:00:00.000,Whitman,WA,Passenger,47,47,94,22003,22097,0.4253971127302348735122414807
2020-10-31T00:00:00.000,Asotin,WA,Passenger,17,14,31,12404,12435,0.2492963409730599115400080418
2020-11-30T00:00:00.000,Prince William,VA,Passenger,2,2,4,222,226,1.769911504424778761061946903
2020-11-30T00:00:00.000,RÃ­o Grande,PR,Passenger,1,0,1,1,2,50.0
2020-11-30T00:00:00.000,Sacramento,CA,Passenger,2,0,2,240,242,0.8264462809917355371900826446
2020-11-30T00:00:00.000,San Diego,CA,Passenger,15,4,19,2742,2761,0.6881564650488953277797899312
2020-11-30T00:00:00.000,Sedgwick,KS,Passenger,1,1,2,86,88,2.272727272727272727272727273
2020-11-30T00:00:00.000,Skamania,WA,Passenger,33,21,54,8306,8360,0.6459330143540669856459330144
2020-11-30T00:00:00.000,Thurston,WA,Passenger,1292,763,2055,197274,199329,1.030958866998780909952891953
2020-09-30T00:00:00.000,Newport,RI,Passenger,1,0,1,83,84,1.190476190476190476190476190
2020-09-30T00:00:00.000,Plaquemines,LA,Passenger,0,1,1,13,14,7.142857142857142857142857143
2020-09-30T00:00:00.000,San Juan,WA,Passenger,331,100,431,13909,14340,3.005578800557880055788005579
2020-09-30T00:00:00.000,Sedgwick,KS,Passenger,1,1,2,89,91,2.197802197802197802197802198
2020-09-30T00:00:00.000,Snohomish,WA,Truck,0,0,0,124947,124947,0
2020-09-30T00:00:00.000,Solano,CA,Passenger,1,0,1,211,212,0.4716981132075471698113207547
2020-07-31T00:00:00.000,Kootenai,ID,Passenger,1,0,1,207,208,0.4807692307692307692307692308
2020-07-31T00:00:00.000,Lewis,WA,Truck,0,0,0,26288,26288,0
2020-07-31T00:00:00.000,Los Angeles,CA,Passenger,7,11,18,980,998,1.803607214428857715430861723
2020-07-31T00:00:00.000,Mason,WA,Truck,0,0,0,20716,20716,0
2020-07-31T00:00:00.000,Monterey,CA,Passenger,0,1,1,163,164,0.6097560975609756097560975610
2020-07-31T00:00:00.000,Morris,NJ,Passenger,1,0,1,17,18,5.555555555555555555555555556
2020-07-31T00:00:00.000,New York,NY,Passenger,1,0,1,60,61,1.639344262295081967213114754
2020-07-31T00:00:00.000,Pacific,WA,Passenger,33,33,66,15768,15834,0.4168245547555892383478590375
2020-07-31T00:00:00.000,Pend Oreille,WA,Passenger,7,5,12,9245,9257,0.1296316301177487306902884304
2020-08-31T00:00:00.000,Albemarle,VA,Passenger,1,0,1,20,21,4.761904761904761904761904762
2020-08-31T00:00:00.000,Benton,WA,Passenger,380,322,702,134344,135046,0.5198228751684611169527420286
2020-08-31T00:00:00.000,Bexar,TX,Passenger,4,5,9,583,592,1.520270270270270270270270270
2020-08-31T00:00:00.000,Carroll,MD,Passenger,0,1,1,21,22,4.545454545454545454545454545
2020-08-31T00:00:00.000,Clallam,WA,Truck,1,0,1,21706,21707,0.004606808863500253374487492514
2020-08-31T00:00:00.000,Cowlitz,WA,Truck,0,0,0,28916,28916,0
2020-10-31T00:00:00.000,Benton,WA,Passenger,403,340,743,134708,135451,0.5485378476349380956951222213
2020-10-31T00:00:00.000,Cascade,MT,Passenger,0,1,1,54,55,1.818181818181818181818181818
2020-10-31T00:00:00.000,Chelan,WA,Truck,0,0,0,22770,22770,0
2020-10-31T00:00:00.000,Boone,MO,Passenger,0,1,1,11,12,8.333333333333333333333333333
2020-10-31T00:00:00.000,Broward,FL,Passenger,1,1,2,107,109,1.834862385321100917431192661
2020-10-31T00:00:00.000,Calvert,MD,Passenger,0,2,2,83,85,2.352941176470588235294117647
2020-10-31T00:00:00.000,Camden,NJ,Passenger,0,1,1,22,23,4.347826086956521739130434783
2020-10-31T00:00:00.000,Douglas,CO,Passenger,0,1,1,76,77,1.298701298701298701298701299
2020-10-31T00:00:00.000,Douglas,WA,Truck,0,0,0,12418,12418,0
2020-10-31T00:00:00.000,DuPage,IL,Passenger,3,0,3,52,55,5.454545454545454545454545455
2020-10-31T00:00:00.000,El Dorado,CA,Passenger,1,0,1,33,34,2.941176470588235294117647059
2020-10-31T00:00:00.000,El Paso,CO,Passenger,2,0,2,694,696,0.2873563218390804597701149425
2020-09-30T00:00:00.000,Columbia,WA,Passenger,4,3,7,2421,2428,0.2883031301482701812191103789
2020-09-30T00:00:00.000,Contra Costa,CA,Passenger,4,2,6,314,320,1.87500
2020-09-30T00:00:00.000,Cowlitz,WA,Passenger,157,120,277,72168,72445,0.3823590309890261577748636897
2020-09-30T00:00:00.000,El Paso,TX,Passenger,3,0,3,412,415,0.7228915662650602409638554217
2020-09-30T00:00:00.000,Fairbanks North Star,AK,Passenger,0,1,1,98,99,1.010101010101010101010101010
2020-09-30T00:00:00.000,Flathead,MT,Passenger,1,0,1,55,56,1.785714285714285714285714286
2020-09-30T00:00:00.000,Fort Bend,TX,Passenger,1,0,1,44,45,2.222222222222222222222222222
2020-09-30T00:00:00.000,Garfield,WA,Truck,0,0,0,987,987,0
2020-07-31T00:00:00.000,King,WA,Passenger,24912,7751,32663,1371407,1404070,2.326308517381612027890347347
2020-07-31T00:00:00.000,Kings,NY,Passenger,1,0,1,64,65,1.538461538461538461538461538
2020-07-31T00:00:00.000,Kittitas,WA,Passenger,104,47,151,29762,29913,0.5047972453448333500484739077
2020-07-31T00:00:00.000,Kittitas,WA,Truck,0,0,0,14561,14561,0
2020-07-31T00:00:00.000,Larimer,CO,Passenger,1,0,1,51,52,1.923076923076923076923076923
2020-07-31T00:00:00.000,Lincoln,WA,Passenger,5,11,16,7655,7671,0.2085777603962977447529657150
2020-07-31T00:00:00.000,Montgomery,PA,Passenger,1,0,1,29,30,3.333333333333333333333333333
2020-10-31T00:00:00.000,Juneau,AK,Passenger,0,1,1,27,28,3.571428571428571428571428571
